0 0.716796875 0.048828125 0.72265625 0.0546875 0.72265625 0.060546875 0.724609375 0.0625 0.724609375 0.11328125 0.71875 0.11328125 0.71484375 0.107421875 0.71484375 0.080078125 0.712890625 0.078125 0.712890625 0.052734375 0.71484375 0.05078125
0 0.599609375 0 0.6171875 0 0.6171875 0.013671875 0.619140625 0.015625 0.6171875 0.021484375 0.619140625 0.0234375 0.6171875 0.044921875 0.615234375 0.05078125 0.611328125 0.05078125 0.6015625 0.041015625 0.599609375 0.001953125
0 0.556640625 0 0.5703125 0 0.5703125 0.013671875 0.572265625 0.015625 0.572265625 0.02734375 0.57421875 0.029296875 0.57421875 0.05078125 0.576171875 0.052734375 0.5703125 0.072265625 0.568359375 0.07421875 0.5625 0.0703125 0.55859375 0.03125 0.556640625 0.029296875 0.556640625 0.001953125
0 0.626953125 0.07421875 0.630859375 0.076171875 0.634765625 0.11328125 0.63671875 0.115234375 0.638671875 0.17578125 0.640625 0.177734375 0.640625 0.197265625 0.642578125 0.19921875 0.642578125 0.216796875 0.64453125 0.21875 0.64453125 0.240234375 0.646484375 0.2421875 0.646484375 0.3046875 0.64453125 0.306640625 0.642578125 0.3203125 0.63671875 0.330078125 0.6328125 0.330078125 0.625 0.32421875 0.6171875 0.298828125 0.615234375 0.26171875 0.61328125 0.259765625 0.61328125 0.24609375 0.611328125 0.244140625 0.611328125 0.2109375 0.609375 0.208984375 0.609375 0.171875 0.611328125 0.169921875 0.607421875 0.16015625 0.60546875 0.119140625 0.603515625 0.1171875 0.603515625 0.1015625 0.60546875 0.099609375 0.60546875 0.08984375 0.603515625 0.087890625 0.60546875 0.0859375 0.60546875 0.078125 0.625 0.07421875
0 0.46484375 0.1015625 0.46875 0.099609375 0.482421875 0.1015625 0.494140625 0.111328125 0.494140625 0.12109375 0.4921875 0.123046875 0.4921875 0.134765625 0.494140625 0.13671875 0.490234375 0.14453125 0.490234375 0.166015625 0.4921875 0.16796875 0.490234375 0.208984375 0.482421875 0.224609375 0.4765625 0.216796875 0.4765625 0.20703125 0.47265625 0.201171875 0.47265625 0.19140625 0.46875 0.1796875 0.46875 0.1328125 0.466796875 0.130859375 0.46484375 0.103515625
0 0.3046875 0.091796875 0.310546875 0.09375 0.310546875 0.103515625 0.306640625 0.109375 0.314453125 0.1171875 0.314453125 0.12109375 0.318359375 0.125 0.3203125 0.15234375 0.322265625 0.154296875 0.3203125 0.15625 0.318359375 0.17578125 0.322265625 0.185546875 0.322265625 0.201171875 0.32421875 0.203125 0.32421875 0.216796875 0.326171875 0.21875 0.326171875 0.248046875 0.3203125 0.255859375 0.30859375 0.255859375 0.3046875 0.251953125 0.302734375 0.234375 0.296875 0.21875 0.298828125 0.212890625 0.298828125 0.19140625 0.296875 0.189453125 0.296875 0.142578125 0.294921875 0.140625 0.294921875 0.125 0.296875 0.123046875 0.294921875 0.1171875 0.296875 0.11328125 0.294921875 0.111328125 0.294921875 0.1015625 0.296875 0.099609375 0.296875 0.09375 0.302734375 0.091796875
0 0.720703125 0.208984375 0.755859375 0.23828125 0.765625 0.25 0.76953125 0.25 0.779296875 0.2578125 0.779296875 0.26171875 0.783203125 0.265625 0.783203125 0.271484375 0.779296875 0.275390625 0.771484375 0.271484375 0.765625 0.271484375 0.763671875 0.267578125 0.73046875 0.240234375 0.724609375 0.232421875 0.71875 0.23046875 0.712890625 0.224609375 0.7109375 0.2109375 0.712890625 0.208984375 0.71875 0.208984375
0 0.70703125 0 0.71875 0 0.716796875 0.025390625 0.712890625 0.025390625 0.70703125 0.015625 0.70703125 0.001953125
0 0.8438671875000001 0.069071875 0.8541093750000001 0.0672109375 0.85364375 0.0020703125 0.8293171875 0.0006984375000000001 0.8350203125000001 0.0625578125 0.8438671875000001 0.069071875
0 0.5981562500000001 0.31919687500000005 0.587446875 0.13075468750000002 0.56230625 0.08980937500000001 0.5482218750000001 0.11592968749999999 0.562771875 0.3205921875 0.5981562500000001 0.31919687500000005
0 0.08927500000000001 0.3899484375 0.08880937500000001 0.3089890625 0.08136093750000001 0.2987515625 0.072165625 0.3114734375 0.0757734375 0.38855312500000005 0.08927500000000001 0.3899484375
0 0.3807296875 0.6362390625000001 0.40214687500000007 0.6018078125 0.39236875000000004 0.5827296875 0.151196875 0.425928125 0.12046875 0.43834531250000003 0.13397187500000002 0.4743171875 0.3807296875 0.6362390625000001