0 0.4944078125 0.2746703125 0.486846875 0.25955625000000004 0.42988125000000005 0.2091765625 0.4215640625 0.2181546875 0.47978906250000003 0.2731578125 0.4944078125 0.2746703125
0 0.34620000000000006 0.33553125000000006 0.35728906250000003 0.30076875000000003 0.34115781250000005 0.07557187500000001 0.310659375 0.07826406250000001 0.33157968750000005 0.31336406250000004 0.34620000000000006 0.33553125000000006
0 0.19497031250000002 0.224378125 0.2021484375 0.2020640625 0.19656562500000002 0.10430781250000001 0.18247812500000002 0.097134375 0.17476875000000003 0.1050609375 0.181946875 0.20498593750000002 0.19497031250000002 0.224378125
0 0.2783125 0.07555 0.2847796875 0.0621625 0.281084375 0.0026109375000000004 0.26560937500000004 0.0012703125 0.2695359375 0.0607765625 0.2783125 0.07555
0 0.2727703125 0.318446875 0.31388125 0.3207546875 0.2930953125 0.123171875 0.268496875 0.08961406250000001 0.2552171875 0.1144015625 0.2727703125 0.318446875
0 0.43500468750000004 0.1124453125 0.43083125000000005 0.054453125000000005 0.42623906250000004 0.048195312500000004 0.42112499999999997 0.05750625000000001 0.42582031249999996 0.1132796875 0.43500468750000004 0.1124453125
0 0.56576875 0.067475 0.5614203125 0.0027734375 0.536296875 0.001328125 0.54354375 0.068440625 0.56576875 0.067475
0 0.32226093750000007 0.0499671875 0.327575 0.037896875000000003 0.3256421875 0 0.30982031250000003 0.0025359375 0.3111484375 0.041759375 0.32226093750000007 0.0499671875
0 0.11305781250000001 0.6026015625000001 0.10580937500000001 0.58521875 0.0008703125000000001 0.5176203125 0.0013531250000000002 0.5799078125 0.041067187500000005 0.6088890625000001 0.08600000000000001 0.640746875 0.11305781250000001 0.6026015625000001
0 0.8305109375000002 0.1214421875 0.8727671875 0.12050937500000002 0.8687281250000001 0 0.8179281250000001 0.00163125 0.823365625 0.104053125 0.8305109375000002 0.1214421875
0 0.770234375 0.06803437500000001 0.7661953125000001 0.001275 0.7359796875 0.0012421875000000002 0.7404078125 0.0674125 0.770234375 0.06803437500000001