0 0.4577140625 0.6493125000000001 0.467440625 0.6241546875 0.45542499999999997 0.441184375 0.4519921875 0.4337500000000001 0.42481562500000003 0.434971875 0.43654531250000006 0.6201515625 0.4577140625 0.6493125000000001
0 0.30895625000000004 0.6837640625 0.31410625000000003 0.6729 0.31010156250000004 0.6225828125 0.30495156250000005 0.610575 0.29536875 0.6151968750000001 0.302090625 0.6786171875 0.30895625000000004 0.6837640625
0 0.3226890625 0.828446875 0.32898125 0.806146875 0.320971875 0.7020828125 0.3106734375 0.6940765625 0.2975140625 0.7024484375000001 0.31010156250000004 0.8072906250000002 0.3226890625 0.828446875
0 0.173359375 0.8762375000000001 0.181940625 0.9711531250000001 0.19224062500000003 0.9934531249999999 0.20139375 0.973440625 0.1988203125 0.8798125000000001 0.18251406250000002 0.8716640625000001 0.173359375 0.8762375000000001
0 0.2763453125 0.7275734375 0.2649015625 0.7241437500000001 0.2700515625 0.8316390625000001 0.2767734375 0.844053125 0.2832109375 0.8327828125000001 0.2763453125 0.7275734375
0 0.2631859375 0.9883078125000001 0.2711953125 0.9984375000000001 0.28492656250000004 0.9984375000000001 0.2900765625 0.9808734375000001 0.2889328125 0.8871015625 0.271053125 0.86479375 0.2586078125 0.8911046875 0.2631859375 0.9883078125000001
0 0.3518671875 0.9980281250000002 0.34099687500000003 0.8470765625000001 0.31396250000000003 0.8512046875 0.3186828125 0.996884375 0.3518671875 0.9980281250000002
0 0.42681875 0.7978437500000001 0.42910625 0.78355 0.4279625 0.7429531250000001 0.4188078125 0.7315171875 0.4119421875 0.7367765625 0.41766406250000004 0.7904109375 0.42681875 0.7978437500000001
0 0.426246875 0.881896875 0.43482812500000007 0.8830390625 0.433684375 0.8327234375 0.426246875 0.8197375 0.422240625 0.8275765625 0.426246875 0.881896875
0 0.542709375 0.823778125 0.5510796875 0.8388343750000001 0.566146875 0.8384156250000001 0.55986875 0.7480734375 0.5498234375000001 0.7116859375 0.5393609375 0.7136734375 0.5360125 0.7597843750000001 0.542709375 0.823778125
0 0.7710093750000001 0.834234375 0.7517578125000001 0.6326359375 0.7371093750000001 0.612978125 0.72403125 0.6320625 0.737528125 0.8300515625 0.7710093750000001 0.834234375
0 0.87203125 0.8902171875000001 0.8537484375000001 0.5767390625000001 0.8297515625000002 0.5670328125 0.8063250000000001 0.578640625 0.8280375 0.8890750000000001 0.87203125 0.8902171875000001