0 0.3125 0.306640625 0.3203125 0.3125 0.32421875 0.345703125 0.326171875 0.34765625 0.326171875 0.431640625 0.322265625 0.435546875 0.318359375 0.435546875 0.3125 0.4296875 0.310546875 0.423828125 0.310546875 0.416015625 0.306640625 0.404296875 0.306640625 0.390625 0.3046875 0.388671875 0.3046875 0.375 0.302734375 0.373046875 0.302734375 0.359375 0.30078125 0.357421875 0.298828125 0.310546875 0.3046875 0.306640625 0.310546875 0.306640625
0 0.423828125 0.046875 0.435546875 0.04296875 0.44921875 0.04296875 0.455078125 0.05078125 0.45703125 0.064453125 0.458984375 0.06640625 0.458984375 0.107421875 0.4609375 0.109375 0.4609375 0.123046875 0.462890625 0.125 0.462890625 0.138671875 0.46484375 0.140625 0.46484375 0.166015625 0.466796875 0.16796875 0.466796875 0.24609375 0.45703125 0.25390625 0.453125 0.25390625 0.44140625 0.24609375 0.435546875 0.224609375 0.431640625 0.1640625 0.4296875 0.162109375 0.4296875 0.1484375 0.42578125 0.138671875 0.427734375 0.115234375 0.42578125 0.11328125 0.423828125 0.048828125
0 0.3359375 0.55859375 0.337890625 0.560546875 0.341796875 0.55859375 0.349609375 0.5625 0.349609375 0.583984375 0.3515625 0.5859375 0.3515625 0.599609375 0.353515625 0.6015625 0.353515625 0.630859375 0.35546875 0.6328125 0.35546875 0.693359375 0.349609375 0.70703125 0.349609375 0.712890625 0.345703125 0.716796875 0.3359375 0.712890625 0.330078125 0.701171875 0.330078125 0.6953125 0.328125 0.693359375 0.328125 0.671875 0.326171875 0.669921875 0.322265625 0.634765625 0.3203125 0.6328125 0.3203125 0.57421875 0.31640625 0.56640625 0.318359375 0.556640625 0.314453125 0.55078125 0.3125 0.46484375 0.318359375 0.4609375 0.33984375 0.4609375 0.341796875 0.462890625 0.341796875 0.484375 0.345703125 0.49609375 0.34765625 0.544921875 0.349609375 0.546875 0.345703125 0.552734375 0.333984375 0.5546875 0.33203125 0.556640625 0.333984375 0.55859375
0 0.55078125 0.32421875 0.560546875 0.359375 0.560546875 0.388671875 0.5625 0.390625 0.5625 0.408203125 0.564453125 0.41015625 0.564453125 0.451171875 0.556640625 0.455078125 0.546875 0.451171875 0.541015625 0.435546875 0.5390625 0.3828125 0.537109375 0.380859375 0.537109375 0.375 0.5390625 0.373046875 0.5390625 0.328125 0.54296875 0.32421875 0.548828125 0.32421875
0 0.189453125 0.486328125 0.1953125 0.4921875 0.201171875 0.494140625 0.203125 0.498046875 0.203125 0.50390625 0.201171875 0.505859375 0.201171875 0.587890625 0.193359375 0.607421875 0.1875 0.603515625 0.1796875 0.580078125 0.1796875 0.541015625 0.177734375 0.5390625 0.177734375 0.521484375 0.17578125 0.51953125 0.17578125 0.50390625 0.173828125 0.501953125 0.173828125 0.490234375 0.1796875 0.484375 0.1875 0.486328125
0 0.421875 0.34375 0.4296875 0.361328125 0.4296875 0.3671875 0.427734375 0.369140625 0.4296875 0.37109375 0.427734375 0.41015625 0.42578125 0.412109375 0.421875 0.412109375 0.416015625 0.40234375 0.416015625 0.390625 0.4140625 0.388671875 0.4140625 0.34765625 0.419921875 0.34375
0 0.30078125 0.22265625 0.3046875 0.2265625 0.30859375 0.2265625 0.310546875 0.23046875 0.3125 0.26953125 0.314453125 0.271484375 0.314453125 0.2890625 0.3125 0.294921875 0.310546875 0.296875 0.3046875 0.296875 0.296875 0.2890625 0.294921875 0.23046875 0.296875 0.224609375 0.298828125 0.224609375
0 0.427734375 0.59375 0.435546875 0.59765625 0.4453125 0.609375 0.451171875 0.611328125 0.462890625 0.625 0.466796875 0.625 0.4765625 0.63671875 0.490234375 0.646484375 0.494140625 0.654296875 0.48828125 0.662109375 0.46875 0.65234375 0.45703125 0.638671875 0.453125 0.638671875 0.447265625 0.630859375 0.42578125 0.61328125 0.419921875 0.6015625 0.421875 0.595703125 0.42578125 0.59375
0 0.265625 0.337890625 0.271484375 0.337890625 0.279296875 0.34765625 0.279296875 0.404296875 0.28515625 0.42578125 0.283203125 0.451171875 0.279296875 0.458984375 0.2734375 0.458984375 0.2734375 0.455078125 0.26953125 0.44921875 0.267578125 0.421875 0.265625 0.419921875 0.265625 0.375 0.263671875 0.373046875 0.263671875 0.341796875 0.265625 0.33984375
0 0.2979703125 0.7044390625000001 0.28683125000000004 0.5052984375 0.2713609375 0.4787046875 0.25836562500000004 0.503734375 0.2725984375 0.7038203125 0.2979703125 0.7044390625000001
0 0.43379375 0.4985703125 0.4293625 0.4413703125 0.4256703125 0.43288281250000005 0.4228078125 0.44182499999999997 0.42493125000000004 0.49930781250000006 0.43379375 0.4985703125
0 0.769825 0.4552390625 0.7528390625000001 0.24747343750000003 0.7336375 0.22680781250000004 0.7242203125 0.24426875 0.741021875 0.45560781250000004 0.769825 0.4552390625
0 0.8719671875 0.5026078125 0.8519359375000001 0.195884375 0.8273828125 0.17522031250000003 0.8100984375 0.2020796875 0.826090625 0.503253125 0.8719671875 0.5026078125