0 0.395171875 0.9984375000000001 0.3992265625 0.9891453125 0.3959828125 0.972934375 0.152675 0.8156953124999999 0.123478125 0.8181265625 0.11962656250000002 0.841640625 0.35543125000000003 0.9984375000000001 0.395171875 0.9984375000000001
0 0.740234375 0.044921875 0.744140625 0.046875 0.748046875 0.05859375 0.748046875 0.087890625 0.75 0.08984375 0.75 0.1015625 0.751953125 0.103515625 0.75390625 0.140625 0.755859375 0.142578125 0.7578125 0.240234375 0.755859375 0.2421875 0.755859375 0.248046875 0.75 0.251953125 0.7421875 0.251953125 0.734375 0.248046875 0.7265625 0.232421875 0.724609375 0.1875 0.72265625 0.185546875 0.720703125 0.154296875 0.71875 0.15234375 0.71875 0.140625 0.716796875 0.138671875 0.71875 0.1328125 0.71875 0.115234375 0.716796875 0.11328125 0.716796875 0.064453125 0.71484375 0.0625 0.71484375 0.048828125 0.724609375 0.044921875 0.73828125 0.044921875
0 0.712890625 0.34375 0.716796875 0.349609375 0.716796875 0.357421875 0.71875 0.359375 0.71875 0.390625 0.716796875 0.392578125 0.71875 0.400390625 0.71484375 0.412109375 0.712890625 0.412109375 0.70703125 0.400390625 0.70703125 0.3828125 0.705078125 0.380859375 0.705078125 0.3671875 0.703125 0.365234375 0.703125 0.3515625 0.7109375 0.34375
0 0.595703125 0.224609375 0.599609375 0.2265625 0.6015625 0.248046875 0.603515625 0.25 0.603515625 0.267578125 0.60546875 0.26953125 0.60546875 0.2890625 0.599609375 0.298828125 0.595703125 0.298828125 0.587890625 0.2890625 0.5859375 0.2265625 0.587890625 0.224609375 0.59375 0.224609375
0 0.63671875 0.55859375 0.638671875 0.55859375 0.638671875 0.56640625 0.640625 0.568359375 0.640625 0.583984375 0.642578125 0.5859375 0.642578125 0.6015625 0.64453125 0.603515625 0.64453125 0.62890625 0.646484375 0.630859375 0.646484375 0.69140625 0.638671875 0.71484375 0.634765625 0.716796875 0.623046875 0.705078125 0.62109375 0.6875 0.6171875 0.677734375 0.6171875 0.66015625 0.61328125 0.646484375 0.611328125 0.6015625 0.609375 0.599609375 0.609375 0.5625 0.625 0.5625 0.626953125 0.560546875 0.62890625 0.5625 0.634765625 0.5625 0.63671875 0.560546875
0 0.5546875 0.337890625 0.5625 0.337890625 0.568359375 0.34375 0.568359375 0.384765625 0.5703125 0.38671875 0.5703125 0.408203125 0.57421875 0.419921875 0.57421875 0.447265625 0.568359375 0.458984375 0.5625 0.45703125 0.560546875 0.4375 0.55859375 0.435546875 0.55859375 0.419921875 0.556640625 0.41796875 0.556640625 0.396484375 0.5546875 0.39453125 0.5546875 0.33984375
0 0.603515625 0.3720703125 0.029296875 0.130859375
0 0.73046875 0.6015625 0.7421875 0.615234375 0.748046875 0.6171875 0.75390625 0.625 0.779296875 0.64453125 0.783203125 0.650390625 0.783203125 0.658203125 0.779296875 0.662109375 0.76953125 0.658203125 0.765625 0.654296875 0.76171875 0.654296875 0.755859375 0.646484375 0.744140625 0.638671875 0.73828125 0.630859375 0.7265625 0.623046875 0.7109375 0.607421875 0.7109375 0.59765625 0.71484375 0.59375 0.720703125 0.59375 0.728515625 0.6015625
0 0.46875 0.484375 0.48046875 0.486328125 0.486328125 0.4921875 0.490234375 0.4921875 0.494140625 0.498046875 0.4921875 0.521484375 0.490234375 0.5234375 0.490234375 0.59375 0.484375 0.60546875 0.48046875 0.607421875 0.4765625 0.6015625 0.4765625 0.595703125 0.47265625 0.5859375 0.470703125 0.55859375 0.46875 0.556640625 0.46875 0.521484375 0.466796875 0.51953125 0.466796875 0.5 0.46484375 0.498046875 0.46484375 0.490234375 0.46875 0.486328125
0 0.07950625 0.6868640625000001 0.07115 0.697071875 0.0748640625 0.7750203125 0.0882109375 0.7766109375000001 0.08693437500000001 0.695215625 0.07950625 0.6868640625000001
0 0.3265 0.639234375 0.32232031250000004 0.486584375 0.30421406250000005 0.47127343750000006 0.29075 0.4847000000000001 0.30375 0.6369140625 0.3265 0.639234375
0 0.5861421875 0.703915625 0.581840625 0.5122921875 0.5646328125000001 0.47789843750000005 0.54926875 0.4994890625 0.5615593750000001 0.6996171875 0.5861421875 0.703915625
0 0.7263234375000001 0.4969671875000001 0.72378125 0.4410984375 0.7165828125 0.4317875 0.7120296875000001 0.4416171875 0.7174296875 0.497390625 0.7263234375000001 0.4969671875000001
0 0.8588828125 0.450834375 0.8482937500000001 0.3352875 0.8360125 0.3183578125 0.829553125 0.33044531250000003 0.83770625 0.45210312500000005 0.8588828125 0.450834375