0 0.47643281249999997 0.8407546875 0.45809062500000003 0.6354546875 0.4434171875 0.6116250000000001 0.432565625 0.6321859375000001 0.44953125 0.8413656250000001 0.47643281249999997 0.8407546875
0 0.58465 0.8920796875000001 0.5650859375 0.5853515625 0.5394062500000001 0.5609109375 0.5166328125 0.5802171875000001 0.5320703125 0.8835265625000001 0.58465 0.8920796875000001
0 0.2746703125 0.8407546875 0.26611093750000003 0.7148859375000001 0.2557171875 0.7044984375000001 0.24532343750000002 0.7177828125 0.25205000000000005 0.8364781250000001 0.2746703125 0.8407546875
0 0.012685937500000001 0.8071484375000001 0.0334734375 0.8242578125 0.031028125000000004 0.7020546875 0.0194125 0.6892234375 0.0145203125 0.6917984375 0.0077953125 0.705109375 0.012685937500000001 0.8071484375000001
0 0.044921875 0.845703125 0.05078125 0.85546875 0.05078125 0.87109375 0.052734375 0.873046875 0.0546875 0.9296875 0.056640625 0.931640625 0.056640625 0.955078125 0.05859375 0.95703125 0.05859375 0.97265625 0.056640625 0.974609375 0.046875 0.974609375 0.0390625 0.970703125 0.033203125 0.970703125 0.0234375 0.95703125 0.0234375 0.9453125 0.025390625 0.943359375 0.021484375 0.935546875 0.0234375 0.9296875 0.0234375 0.9140625 0.021484375 0.912109375 0.021484375 0.890625 0.01953125 0.888671875 0.021484375 0.8515625 0.025390625 0.84765625 0.04296875 0.845703125
0 0.021484375 0.693359375 0.029296875 0.701171875 0.033203125 0.759765625 0.03515625 0.76171875 0.03515625 0.810546875 0.03125 0.8203125 0.025390625 0.8203125 0.017578125 0.80859375 0.015625 0.802734375 0.015625 0.779296875 0.01171875 0.771484375 0.01171875 0.76171875 0.009765625 0.759765625 0.0078125 0.6953125 0.01953125 0.693359375
0 0.1328125 0.431640625 0.158203125 0.431640625 0.162109375 0.435546875 0.162109375 0.44140625 0.1640625 0.443359375 0.166015625 0.470703125 0.16796875 0.47265625 0.16796875 0.498046875 0.169921875 0.5 0.169921875 0.533203125 0.171875 0.53515625 0.171875 0.56640625 0.173828125 0.568359375 0.173828125 0.615234375 0.17578125 0.6171875 0.173828125 0.630859375 0.16796875 0.63671875 0.162109375 0.638671875 0.15234375 0.634765625 0.1484375 0.630859375 0.1484375 0.623046875 0.142578125 0.609375 0.140625 0.55078125 0.138671875 0.548828125 0.13671875 0.533203125 0.1328125 0.52734375 0.1328125 0.517578125 0.134765625 0.515625 0.134765625 0.501953125 0.1328125 0.5 0.1328125 0.43359375
0 0.00390625 0.609375 0.013671875 0.609375 0.017578125 0.6171875 0.01953125 0.634765625 0.021484375 0.63671875 0.021484375 0.677734375 0.017578125 0.681640625 0.0078125 0.6796875 0.0078125 0.67578125 0.00390625 0.669921875 0.005859375 0.6640625 0.00390625 0.6328125 0.001953125 0.630859375 0.00390625 0.611328125
0 0.2578125 0.7109375 0.263671875 0.720703125 0.265625 0.755859375 0.267578125 0.7578125 0.265625 0.76171875 0.26953125 0.767578125 0.26953125 0.779296875 0.271484375 0.78125 0.271484375 0.8359375 0.263671875 0.841796875 0.25390625 0.8359375 0.25 0.826171875 0.25 0.794921875 0.24609375 0.78515625 0.24609375 0.732421875 0.248046875 0.73046875 0.248046875 0.712890625 0.25 0.7109375 0.255859375 0.7109375
0 0.1328125 0.8203125 0.138671875 0.822265625 0.140625 0.837890625 0.14453125 0.845703125 0.14453125 0.875 0.142578125 0.876953125 0.142578125 0.8828125 0.13671875 0.884765625 0.1328125 0.880859375 0.1328125 0.85546875 0.130859375 0.853515625 0.130859375 0.82421875 0.1328125 0.822265625
0 0.142578125 0.990234375 0.033203125 0.0205078125