0 0.8537265625 0.8398687499999999 0.8475187500000001 0.7095875 0.8302921875 0.710946875 0.8344828125 0.8336656250000001 0.8537265625 0.8398687499999999
0 0.712809375 0.7976828125000001 0.7190171875 0.7846546875 0.7146718750000001 0.7375046875 0.7084640625 0.7288203125 0.704584375 0.7365546875 0.7090859375 0.78961875 0.712809375 0.7976828125000001
0 0.7159140625 0.883296875 0.7270875000000001 0.883296875 0.7227421875000001 0.8305640625000001 0.7154484375000001 0.819584375 0.7121890625 0.831184375 0.7159140625 0.883296875
0 0.74819375 0.6483593750000001 0.75936875 0.6235437500000001 0.7500562500000001 0.4461125 0.743228125 0.43184375 0.7162250000000001 0.436253125 0.727709375 0.6179609375 0.74819375 0.6483593750000001
0 0.6016140625 0.68349375 0.6034578125000001 0.6718281250000001 0.6003859375 0.6208687500000001 0.5930125 0.6110453125 0.5874843750000001 0.6152828125 0.591784375 0.676740625 0.6016140625 0.68349375
0 0.6120578125 0.8216390625000001 0.6169734375 0.8056749999999999 0.6120578125 0.7013 0.602228125 0.6963875 0.5913234375 0.69515 0.59915625 0.80015 0.6120578125 0.8216390625000001
0 0.566903125 0.8462671875000001 0.57611875 0.8315312499999999 0.5687453125 0.7296125 0.5544609375 0.7251000000000001 0.5595296875 0.8315312499999999 0.566903125 0.8462671875000001
0 0.6436984375 0.9753640625 0.6436984375 0.950190625 0.6320250000000001 0.8494984375 0.6043781250000001 0.8541171875 0.6111359375000001 0.9747500000000001 0.6436984375 0.9753640625
0 0.4636890625000001 0.8789703125000001 0.4716765625 0.971065625 0.48335 0.9956250000000001 0.4913359375 0.978434375 0.48765000000000003 0.8809953125000001 0.47106250000000005 0.869759375 0.4636890625000001 0.8789703125000001
0 0.2634078125 0.8175718750000001 0.26095 0.8065203125 0.20750000000000002 0.8089765625 0.20273906249999998 0.8218624999999999 0.251734375 0.8280093750000002 0.2634078125 0.8175718750000001
0 0.2953546875 0.996853125 0.31562812500000004 0.996853125 0.31562812500000004 0.8734437500000001 0.30026875000000003 0.8625640625000002 0.294740625 0.8759000000000001 0.2953546875 0.996853125