0 0.225 0.8203125 0.24531250000000002 0.8140625 0.3203125 0.8500000000000001 0.33437500000000003 0.8500000000000001 0.32656250000000003 0.8375 0.26406250000000003 0.8093750000000001 0.25 0.8046875 0.2265625 0.8093750000000001 0.22187500000000002 0.8140625 0.225 0.8203125
0 0.34218750000000003 0.9671875000000001 0.33437500000000003 0.9484375 0.32656250000000003 0.95625 0.3296875 0.9671875000000001 0.34218750000000003 0.9671875000000001
0 0.30973125 0.9454109375 0.2352546875 0.9238781250000001 0.230103125 0.9287234375000001 0.3101984375 0.9552406250000001 0.30973125 0.9454109375
0 0.1926296875 0.8620875 0.18607343750000002 0.8611515624999999 0.1841984375 0.8883015625000001 0.21932968750000004 0.9271546875000001 0.22132031250000003 0.9193562500000001 0.18935156250000001 0.8850250000000002 0.1926296875 0.8620875
0 0.234278125 0.8851875 0.1898328125 0.8461656250000001 0.18817031250000002 0.850315625 0.22970937500000002 0.8905843750000001 0.234278125 0.8851875
0 0.23718593750000003 0.8735640625000001 0.1935703125 0.8386921875000001 0.1921171875 0.8433421875000001 0.23344843750000002 0.8777140625 0.23718593750000003 0.8735640625000001
0 0.2587875 0.8602796875 0.2050984375 0.8246484375 0.2533859375 0.8640156250000001 0.2587875 0.8602796875
0 0.26667968750000004 0.8519765625 0.2155859375 0.8179359375000002 0.21184843750000001 0.8225718750000001 0.26335625 0.85654375 0.26667968750000004 0.8519765625
0 0.3774128224100488 0.9961440035902487 0.38351093750000004 0.997809375 0.39458125000000005 0.9856765625 0.3877953125 0.9817515625000001 0.3774128224100488 0.9961440035902487
0 0.32974687500000005 0.906753125 0.33452812500000007 0.8984718750000001 0.329428125 0.893375 0.32496562500000004 0.9051609375 0.32974687500000005 0.906753125
0 0.337078125 0.8943296875 0.339309375 0.8863671875 0.333890625 0.8830171875 0.331021875 0.8905078125 0.337078125 0.8943296875
0 0.339428125 0.881425 0.34547187500000004 0.8624390625 0.33640625 0.8610546875000001 0.33136875 0.8779734375000001 0.339428125 0.881425