0 0.3312890625 0.6224828125 0.3364046875 0.6239875 0.3388109375 0.5993140625 0.336103125 0.585171875 0.3312890625 0.6008187500000001 0.3312890625 0.6224828125
0 0.33008593750000004 0.6294046875000001 0.33008593750000004 0.604128125 0.3222625 0.6023984375000001 0.3216609375 0.6309078125 0.33008593750000004 0.6294046875000001
0 0.315040625 0.6272984375 0.32256250000000003 0.6285015625 0.32436875000000004 0.6077390625 0.319253125 0.5978093750000001 0.3147390625 0.6131562500000001 0.315040625 0.6272984375
0 0.3944109375 0.444415625 0.3698546875 0.4382765625 0.37139062500000003 0.4486359375 0.3923640625 0.4479953125 0.3944109375 0.444415625
0 0.2392546875 0.6113437500000001 0.24224531250000003 0.606028125 0.2206453125 0.6053625 0.2206453125 0.60901875 0.2392546875 0.6113437500000001
0 0.199046875 0.423596875 0.19273281250000002 0.43489375 0.2392546875 0.44195625 0.2362640625 0.4342296875 0.199046875 0.423596875
0 0.2365953125 0.3996703125 0.2036984375 0.39568281250000004 0.20236875 0.4023296875 0.2362640625 0.40864218750000003 0.2365953125 0.3996703125
0 0.1212890625 0.3737515625 0.086065625 0.366109375 0.08473593750000001 0.37283750000000004 0.1212890625 0.3794 0.1212890625 0.3737515625
0 0.21732187500000003 0.3139375 0.1847578125 0.312609375 0.2179875 0.3206671875 0.22031250000000002 0.3232421875 0.21732187500000003 0.3139375
0 0.5865046875000001 0.400003125 0.5911578125 0.3831390625 0.5841796875 0.39667968750000004 0.5865046875000001 0.400003125
0 0.6856421875 0.6082359375 0.6697640625000001 0.6075140625000001 0.676259375 0.6199640625 0.694303125 0.6176187500000001 0.6856421875 0.6082359375
0 0.5778906250000001 0.6350234375000001 0.597471875 0.6414765625000001 0.5970265625 0.6324078125 0.5796703125 0.6310171875 0.5778906250000001 0.6350234375000001
0 0.5965828125 0.6523796875000001 0.5965828125 0.6432562500000001 0.5794484375 0.6397515625 0.579225 0.6470390625000001 0.5965828125 0.6523796875000001
0 0.19587373587295387 0.5880794282475342 0.21381250000000002 0.5883296875 0.21346875 0.58523125 0.19487656250000002 0.5848859375000001 0.19587373587295387 0.5880794282475342
0 0.21037031250000002 0.61690625 0.21140312500000003 0.6103640625 0.1893671875 0.6104515625000001 0.18764531250000002 0.6138078125 0.21037031250000002 0.61690625
0 0.21002500000000002 0.6165625000000001 0.19108906250000002 0.6165625000000001 0.1897109375 0.6211234375000001 0.2124359375 0.6231046875 0.21002500000000002 0.6165625000000001
0 0.21381250000000002 0.6561578125 0.21622343750000003 0.6503046875 0.19384375 0.6435046875000001 0.18867812500000003 0.6492703125000001 0.21381250000000002 0.6561578125
0 0.2124359375 0.6661421875000001 0.2124359375 0.657190625 0.197975 0.6565875000000001 0.19831875000000002 0.661665625 0.2124359375 0.6661421875000001
0 0.2124359375 0.6706171875 0.2124359375 0.6651093750000001 0.20141718750000004 0.6634734375 0.20245000000000002 0.6688968750000001 0.2124359375 0.6706171875
0 0.21037031250000002 0.6730281250000001 0.199696875 0.6709625 0.199696875 0.6772453125000001 0.2093375 0.67888125 0.21037031250000002 0.6730281250000001
0 0.2086484375 0.6895546875 0.21002500000000002 0.6819796875 0.199696875 0.6810328125 0.19866406250000002 0.688865625 0.2086484375 0.6895546875
0 0.23171718750000003 0.6513375 0.2324046875 0.6451390625000001 0.21622343750000003 0.6438484375 0.21794375000000002 0.6482375 0.23171718750000003 0.6513375
0 0.23033906250000002 0.6596000000000001 0.2289625 0.6544359375000001 0.21828906250000002 0.6524562500000001 0.2169109375 0.6609781250000001 0.23033906250000002 0.6596000000000001
0 0.226896875 0.669240625 0.2262078125 0.6637312500000001 0.21794375000000002 0.6631296875000001 0.21656718750000004 0.6688968750000001 0.226896875 0.669240625
0 0.2241421875 0.6799140625 0.2248296875 0.67509375 0.21656718750000004 0.6738031250000001 0.21622343750000003 0.681290625 0.2241421875 0.6799140625
0 0.2771640625 0.5907390625 0.274065625 0.5959046875 0.29059218750000004 0.596334375 0.289559375 0.591771875 0.2771640625 0.5907390625
0 0.289559375 0.607265625 0.289559375 0.6003796875 0.277509375 0.6028765625000001 0.27923125 0.607265625 0.289559375 0.607265625
0 0.046875 0.6064453125 0.009765625 0.015625
0 0.01953125 0.6142578125 0.015625 0.0185546875
0 0.0400390625 0.63671875 0.013671875 0.0126953125
0 0.0849609375 0.611328125 0.0126953125 0.0126953125
0 0.1044921875 0.603515625 0.009765625 0.0068359375
0 0.1279296875 0.6240234375 0.009765625 0.013671875
0 0.16667187500000002 0.4818109375 0.15675312500000002 0.4781828125 0.11950000000000001 0.46995781250000007 0.1083734375 0.47600468749999997 0.164978125 0.48616562500000005 0.16667187500000002 0.4818109375
0 0.14453125 0.435546875 0.033203125 0.0224609375
0 0.2724609375 0.42578125 0.02734375 0.0146484375
0 0.1875 0.369140625 0.0458984375 0.01953125
0 0.1923828125 0.3515625 0.0400390625 0.0185546875
0 0.197265625 0.3330078125 0.0341796875 0.0126953125
0 0.0986328125 0.3466796875 0.04296875 0.01171875
0 0.107421875 0.318359375 0.0263671875 0.01171875
0 0.1103515625 0.3017578125 0.0224609375 0.0087890625
0 0.8671875 0.44921875 0.01953125 0.0234375
0 0.8359375 0.51171875 0.025390625 0.0087890625