0 0.33316250000000003 0.2495078125 0.33993906250000006 0.2438578125 0.3467171875 0.2402421875 0.35417031250000003 0.23911250000000003 0.36275468750000006 0.23481875 0.36659531250000005 0.22894375 0.36659531250000005 0.2248765625 0.36343281250000004 0.2232953125 0.359140625 0.22397187500000004 0.353040625 0.2255546875 0.34694218750000005 0.22826562500000003 0.3286453125 0.233915625 0.317803125 0.24272812500000002 0.3089921875 0.245665625 0.3058296875 0.248378125 0.29837656250000005 0.2510890625 0.29295468750000003 0.252896875 0.290921875 0.25786875000000004 0.3010859375 0.2580953125 0.31396250000000003 0.2524453125 0.32232031250000004 0.2479265625 0.32796718750000003 0.24589218750000003 0.33406718750000003 0.24069531249999998 0.3137359375 0.260128125 0.3216421875 0.25357500000000005 0.33316250000000003 0.2495078125
0 0.3125 0.25 0.3203125 0.2421875 0.32421875 0.2421875 0.333984375 0.234375 0.337890625 0.234375 0.349609375 0.2265625 0.36328125 0.224609375 0.36328125 0.228515625 0.349609375 0.23828125 0.337890625 0.240234375 0.33203125 0.24609375 0.314453125 0.251953125
0 0.4375 0.0390625 0.447265625 0.0390625 0.447265625 0.072265625 0.44921875 0.07421875 0.447265625 0.078125 0.443359375 0.078125 0.4375 0.072265625 0.4375 0.041015625
0 0.619140625 0.087890625 0.623046875 0.08984375 0.623046875 0.09765625 0.625 0.099609375 0.623046875 0.107421875 0.615234375 0.115234375 0.59765625 0.115234375 0.59375 0.119140625 0.572265625 0.119140625 0.564453125 0.11328125 0.564453125 0.10546875 0.57421875 0.09765625 0.57421875 0.09375 0.587890625 0.087890625 0.6171875 0.087890625
0 0.298828125 0.2578125 0.302734375 0.2578125 0.314453125 0.244140625 0.322265625 0.2421875 0.349609375 0.2265625 0.36328125 0.224609375 0.36328125 0.228515625 0.359375 0.232421875 0.345703125 0.240234375 0.3359375 0.2421875 0.33203125 0.248046875 0.328125 0.248046875 0.31640625 0.259765625 0.30078125 0.259765625
0 0.330078125 0.240234375 0.3359375 0.234375 0.349609375 0.2265625 0.36328125 0.224609375 0.36328125 0.228515625 0.349609375 0.23828125 0.33203125 0.2421875
0 0.927734375 0.212890625 0.93359375 0.212890625 0.94140625 0.21875 0.94921875 0.21875 0.955078125 0.224609375 0.98046875 0.234375 0.984375 0.23828125 0.98046875 0.244140625 0.974609375 0.240234375 0.962890625 0.23828125 0.958984375 0.234375 0.951171875 0.232421875 0.943359375 0.224609375 0.9375 0.224609375 0.927734375 0.21484375
0 0.525390625 0.087890625 0.529296875 0.08984375 0.53125 0.095703125 0.529296875 0.115234375 0.51171875 0.115234375 0.509765625 0.111328125 0.51171875 0.1015625 0.515625 0.09765625 0.515625 0.091796875 0.517578125 0.08984375 0.5234375 0.08984375
0 0.95208125 0.1292390625 0.9512328125 0.1402609375 0.957165625 0.1428046875 0.9584375 0.1292390625 0.95208125 0.1292390625
0 0.9619140625 0.1396484375 0.005859375 0.015625
0 0.9072265625 0.1240234375 0.0048828125 0.0146484375
0 0.9130859375 0.1240234375 0.0048828125 0.0185546875