0 0.10068593749999999 0.42234218749999997 0.10705 0.42350000000000004 0.1157296875 0.39543593750000006 0.11428281250000001 0.369396875 0.1053140625 0.3916734375 0.10068593749999999 0.42234218749999997
0 0.08621875000000001 0.4208953125 0.0928734375 0.42350000000000004 0.10184218750000001 0.40411562500000003 0.1041578125 0.3751828125 0.094609375 0.37438750000000004 0.0885328125 0.4018 0.08621875000000001 0.4208953125
0 0.0839046875 0.37865468750000003 0.07377812500000001 0.4064296875 0.0755140625 0.42147500000000004 0.0839046875 0.412215625 0.0934515625 0.3835734375 0.0914265625 0.36975781250000006 0.09200468750000002 0.36881718750000003 0.0839046875 0.37865468750000003
0 0.062784375 0.4064296875 0.06712343750000001 0.4168453125 0.072909375 0.412215625 0.0885328125 0.37402500000000005 0.08564062500000001 0.36455000000000004 0.0740671875 0.37200000000000005 0.062784375 0.4064296875
0 0.054103125 0.4139515625 0.0622046875 0.41597812500000003 0.0694375 0.3896484375 0.066834375 0.37749687500000007 0.0601796875 0.3916734375 0.054103125 0.4139515625
0 0.014465625 0.4967 0.0170703125 0.485415625 0.007521875000000001 0.46255937500000005 0.0008687500000000002 0.46465625 0.0060765625 0.49178125000000006 0.014465625 0.4967
0 0.08203125 0.3671875 0.083984375 0.369140625 0.08203125 0.388671875 0.076171875 0.400390625 0.076171875 0.412109375 0.0703125 0.41796875 0.064453125 0.4140625 0.064453125 0.404296875 0.0703125 0.392578125 0.0703125 0.37890625 0.076171875 0.369140625 0.080078125 0.3671875
0 0.1015625 0.421875 0.1015625 0.40234375 0.10546875 0.392578125 0.10546875 0.384765625 0.111328125 0.37109375 0.115234375 0.373046875 0.115234375 0.3984375 0.111328125 0.40625 0.109375 0.419921875 0.103515625 0.421875
0 0.068359375 0.3828125 0.068359375 0.39453125 0.064453125 0.400390625 0.064453125 0.412109375 0.060546875 0.416015625 0.0546875 0.4140625 0.0546875 0.408203125 0.0625 0.384765625 0.06640625 0.3828125
0 0.083984375 0.369140625 0.087890625 0.373046875 0.091796875 0.373046875 0.091796875 0.388671875 0.087890625 0.396484375 0.087890625 0.40234375 0.083984375 0.408203125 0.083984375 0.416015625 0.078125 0.41796875 0.0703125 0.4140625 0.07421875 0.412109375 0.07421875 0.40625 0.078125 0.40234375 0.080078125 0.384765625 0.083984375 0.37890625 0.083984375 0.37109375
0 0 0.482421875 0 0.462890625 0.001953125 0.4609375 0.0078125 0.4609375 0.009765625 0.462890625 0.013671875 0.46875 0.013671875 0.4765625 0.017578125 0.484375 0.015625 0.494140625 0.0078125 0.494140625 0.001953125 0.482421875
0 0.109375 0.341796875 0.123046875 0.345703125 0.126953125 0.3515625 0.126953125 0.357421875 0.11328125 0.35546875 0.107421875 0.349609375 0.107421875 0.34375
0 0.09375 0.375 0.099609375 0.375 0.103515625 0.380859375 0.099609375 0.412109375 0.095703125 0.419921875 0.087890625 0.419921875 0.0859375 0.41796875 0.0859375 0.40234375 0.091796875 0.388671875 0.09375 0.376953125
0 0.01953125 0.380859375 0.021484375 0.3828125 0.02734375 0.3828125 0.037109375 0.390625 0.0390625 0.396484375 0.044921875 0.400390625 0.052734375 0.4140625 0.046875 0.416015625 0.041015625 0.412109375 0.0234375 0.39453125 0.017578125 0.38671875 0.017578125 0.3828125