0 0.7227578125 0.8153593750000001 0.7206515625000001 0.8096421875000002 0.7146328125000001 0.813553125 0.7010937500000001 0.8446218750000001 0.7077125 0.842440625 0.7227578125 0.8153593750000001
0 0.7083140625000001 0.8442453125 0.7182437500000001 0.8412359375 0.7236609375 0.8261921875000001 0.7188468750000001 0.8229562500000001 0.7068109375 0.8388296875000001 0.7083140625000001 0.8442453125
0 0.7200500000000001 0.7900843750000001 0.7131296875 0.790384375 0.7218546875 0.8079125 0.7245625000000001 0.806934375 0.7200500000000001 0.7900843750000001
0 0.7188468750000001 0.788278125 0.7089171875 0.7777468750000001 0.6893578125000001 0.7678171875 0.6860484375000001 0.7744375 0.7077125 0.7885796875 0.7188468750000001 0.788278125
0 0.7636796875 0.8279968750000001 0.771203125 0.82258125 0.7510421875 0.81235 0.7411125000000001 0.8102437500000002 0.744121875 0.8186687500000001 0.7636796875 0.8279968750000001
0 0.7817343750000001 0.8126515625 0.7844421875 0.8087390624999999 0.758865625 0.7936953125 0.750440625 0.7934687500000001 0.7531484375 0.800615625 0.7817343750000001 0.8126515625
0 0.7787250000000001 0.8066328125000001 0.7856453125 0.7967031250000001 0.75164375 0.7805296875000001 0.75164375 0.787375 0.7787250000000001 0.8066328125000001
0 0.7874515625 0.794596875 0.792565625 0.7918890625000001 0.7633796875000001 0.7750390625 0.7567593750000001 0.7751140625 0.7567593750000001 0.7822609375 0.7874515625 0.794596875
0 0.765184375 0.7461531250000001 0.758865625 0.7560828125 0.7612734375 0.7639812500000001 0.7709015625000001 0.750365625 0.765184375 0.7461531250000001
0 0.744140625 0.73046875 0.748046875 0.734375 0.740234375 0.744140625 0.73828125 0.75 0.734375 0.75 0.732421875 0.744140625 0.73828125 0.732421875 0.7421875 0.73046875
0 0.751953125 0.7490234375 0.0185546875 0.0234375
0 0.720703125 0.716796875 0.72265625 0.71875 0.720703125 0.724609375 0.716796875 0.728515625 0.716796875 0.732421875 0.712890625 0.73828125 0.708984375 0.73828125 0.7109375 0.72265625 0.712890625 0.71875 0.71875 0.716796875
0 0.61328125 0.755859375 0.6171875 0.751953125 0.623046875 0.751953125 0.623046875 0.755859375 0.6171875 0.755859375 0.615234375 0.7578125
0 0.76953125 0.775390625 0.775390625 0.78125 0.779296875 0.78125 0.7890625 0.7890625 0.787109375 0.794921875 0.779296875 0.8046875 0.779296875 0.80859375 0.775390625 0.810546875 0.765625 0.806640625 0.76171875 0.802734375 0.755859375 0.802734375 0.75 0.796875 0.75 0.78515625 0.748046875 0.78125 0.7578125 0.775390625 0.767578125 0.775390625
0 0.70703125 0.72265625 0.708984375 0.724609375 0.705078125 0.732421875 0.69921875 0.734375 0.666015625 0.732421875 0.658203125 0.7265625 0.66796875 0.724609375 0.673828125 0.720703125 0.705078125 0.72265625
0 0.736328125 0.7265625 0.73828125 0.7265625 0.736328125 0.732421875 0.732421875 0.736328125 0.728515625 0.748046875 0.72265625 0.748046875 0.72265625 0.73828125 0.7265625 0.732421875 0.7265625 0.7265625 0.73046875 0.72265625 0.734375 0.724609375
0 0.6042031250000001 0.7858718750000001 0.612328125 0.7711265625000001 0.6054078125000001 0.7669890625 0.597884375 0.7825609375 0.6042031250000001 0.7858718750000001
0 0.75 0.734375 0.759765625 0.7421875 0.75390625 0.75390625 0.748046875 0.759765625 0.744140625 0.759765625 0.7421875 0.75390625 0.748046875 0.748046875 0.75 0.736328125
0 0.716796875 0.8125 0.720703125 0.8125 0.720703125 0.8203125 0.71484375 0.833984375 0.70703125 0.841796875 0.701171875 0.841796875 0.6953125 0.845703125 0.697265625 0.8359375 0.716796875 0.814453125
0 0.681640625 0.71875 0.68359375 0.720703125 0.701171875 0.72265625 0.703125 0.724609375 0.701171875 0.732421875 0.666015625 0.732421875 0.662109375 0.73046875 0.658203125 0.7265625 0.66796875 0.724609375 0.673828125 0.720703125 0.6796875 0.720703125
0 0.6875 0.767578125 0.69921875 0.76953125 0.716796875 0.78515625 0.716796875 0.7890625 0.70703125 0.7890625 0.697265625 0.78515625 0.693359375 0.78125 0.68359375 0.77734375 0.68359375 0.7734375 0.6875 0.76953125
0 0.763671875 0.787109375 0.76953125 0.7890625 0.771484375 0.79296875 0.771484375 0.80078125 0.76953125 0.802734375 0.755859375 0.80078125 0.75 0.794921875 0.75 0.787109375 0.748046875 0.78515625 0.75 0.779296875 0.755859375 0.779296875 0.76171875 0.787109375
0 0.724609375 0.720703125 0.728515625 0.720703125 0.73046875 0.724609375 0.73046875 0.732421875 0.724609375 0.73828125 0.7265625 0.7421875 0.724609375 0.748046875 0.720703125 0.744140625 0.720703125 0.734375 0.7265625 0.72265625
0 0.693359375 0.765625 0.701171875 0.76953125 0.712890625 0.78125 0.712890625 0.787109375 0.70703125 0.78125 0.6953125 0.78125 0.69140625 0.779296875 0.685546875 0.7734375 0.6875 0.767578125 0.69140625 0.767578125
0 0.5703125 0.787109375 0.576171875 0.7890625 0.576171875 0.794921875 0.5703125 0.802734375 0.5625 0.80078125 0.55859375 0.794921875 0.5625 0.7890625 0.568359375 0.787109375
0 0.744140625 0.73046875 0.748046875 0.73046875 0.751953125 0.734375 0.751953125 0.740234375 0.744140625 0.7421875 0.740234375 0.748046875 0.736328125 0.748046875 0.7421875 0.740234375 0.7421875 0.734375 0.744140625 0.732421875
0 0.466796875 0.85546875 0.46875 0.859375 0.466796875 0.87109375 0.4609375 0.87109375 0.458984375 0.869140625 0.4609375 0.861328125 0.46484375 0.857421875
0 0.73046875 0.72265625 0.734375 0.72265625 0.740234375 0.7265625 0.740234375 0.732421875 0.734375 0.740234375 0.732421875 0.748046875 0.7265625 0.748046875 0.724609375 0.74609375 0.724609375 0.740234375 0.73046875 0.724609375
0 0.564453125 0.7890625 0.5703125 0.787109375 0.580078125 0.79296875 0.580078125 0.80078125 0.568359375 0.802734375 0.5625 0.798828125 0.5625 0.79296875 0.564453125 0.791015625
0 0.736328125 0.724609375 0.740234375 0.7265625 0.744140625 0.736328125 0.740234375 0.7421875 0.740234375 0.74609375 0.734375 0.75 0.732421875 0.748046875 0.724609375 0.748046875 0.7265625 0.734375 0.73046875 0.7265625 0.734375 0.724609375
0 0.751953125 0.80859375 0.7578125 0.8125 0.755859375 0.810546875 0.751953125 0.814453125 0.75390625 0.826171875 0.748046875 0.826171875 0.7421875 0.8203125 0.7421875 0.8125 0.75 0.80859375
0 0.5625 0.783203125 0.5625 0.7890625 0.55859375 0.794921875 0.5546875 0.794921875 0.5546875 0.787109375 0.560546875 0.783203125
0 0.751953125 0.736328125 0.7578125 0.740234375 0.7578125 0.74609375 0.751953125 0.755859375 0.748046875 0.759765625 0.7421875 0.7578125 0.744140625 0.75 0.75 0.744140625 0.75 0.73828125
0 0.75390625 0.80859375 0.767578125 0.818359375 0.771484375 0.818359375 0.771484375 0.822265625 0.763671875 0.828125 0.751953125 0.828125 0.744140625 0.818359375 0.7421875 0.814453125 0.751953125 0.80859375
0 0.470703125 0.853515625 0.474609375 0.85546875 0.474609375 0.86328125 0.466796875 0.87109375 0.4609375 0.869140625 0.4609375 0.861328125 0.46875 0.853515625
0 0.607421875 0.767578125 0.609375 0.76953125 0.607421875 0.78515625 0.6015625 0.787109375 0.599609375 0.783203125 0.6015625 0.7734375 0.60546875 0.76953125
0 0.48046875 0.84375 0.482421875 0.845703125 0.482421875 0.853515625 0.48046875 0.85546875 0.4765625 0.85546875 0.47265625 0.8515625 0.474609375 0.845703125 0.478515625 0.84375
0 0.779296875 0.75390625 0.78125 0.755859375 0.794921875 0.7578125 0.80078125 0.76171875 0.80078125 0.76953125 0.798828125 0.771484375 0.80078125 0.77734375 0.794921875 0.78125 0.7890625 0.78125 0.78125 0.77734375 0.77734375 0.771484375 0.7734375 0.771484375 0.767578125 0.76171875 0.77734375 0.755859375
0 0.76953125 0.748046875 0.7734375 0.751953125 0.771484375 0.763671875 0.77734375 0.765625 0.783203125 0.771484375 0.794921875 0.77734375 0.794921875 0.779296875 0.7890625 0.779296875 0.787109375 0.775390625 0.78125 0.775390625 0.779296875 0.771484375 0.7734375 0.76953125 0.771484375 0.763671875 0.765625 0.76171875 0.76171875 0.755859375 0.767578125 0.75
0 0.5703125 0.787109375 0.58203125 0.79296875 0.58203125 0.80078125 0.578125 0.802734375 0.564453125 0.80078125 0.5625 0.796875 0.56640625 0.7890625 0.568359375 0.7890625
0 0.763671875 0.79296875 0.765625 0.796875 0.771484375 0.796875 0.779296875 0.8046875 0.77734375 0.810546875 0.767578125 0.80859375 0.75 0.796875 0.75 0.791015625 0.751953125 0.7890625 0.7578125 0.7890625 0.76171875 0.79296875
0 0.5625 0.787109375 0.57421875 0.7890625 0.5703125 0.80078125 0.564453125 0.80078125 0.55859375 0.794921875 0.552734375 0.79296875 0.5625 0.7890625
0 0.724609375 0.71875 0.73046875 0.72265625 0.73046875 0.728515625 0.724609375 0.736328125 0.724609375 0.74609375 0.71875 0.740234375 0.720703125 0.73828125 0.720703125 0.728515625 0.724609375 0.720703125
0 0.763671875 0.744140625 0.771484375 0.75 0.771484375 0.759765625 0.76953125 0.76171875 0.763671875 0.76171875 0.759765625 0.7578125 0.759765625 0.751953125 0.763671875 0.74609375
0 0.75 0.80859375 0.76171875 0.8125 0.771484375 0.8203125 0.767578125 0.826171875 0.76171875 0.828125 0.755859375 0.822265625 0.75 0.8203125 0.748046875 0.814453125 0.75 0.810546875
0 0.6328125 0.78125 0.640625 0.7734375 0.646484375 0.7734375 0.646484375 0.78125 0.63671875 0.791015625 0.630859375 0.7890625 0.6328125 0.783203125
0 0.4765625 0.84375 0.474609375 0.8515625 0.478515625 0.85546875 0.474609375 0.861328125 0.474609375 0.865234375 0.47265625 0.865234375 0.466796875 0.85546875 0.470703125 0.845703125 0.474609375 0.84375
0 0.48828125 0.83203125 0.4921875 0.8359375 0.490234375 0.84375 0.486328125 0.845703125 0.482421875 0.841796875 0.482421875 0.837890625 0.486328125 0.833984375
0 0.765625 0.775390625 0.765625 0.779296875 0.771484375 0.7890625 0.771484375 0.794921875 0.765625 0.794921875 0.7578125 0.7890625 0.751953125 0.7890625 0.748046875 0.783203125 0.751953125 0.77734375 0.763671875 0.775390625
0 0.7578125 0.775390625 0.763671875 0.7734375 0.771484375 0.775390625 0.7734375 0.779296875 0.783203125 0.783203125 0.7890625 0.7890625 0.787109375 0.794921875 0.783203125 0.796875 0.7734375 0.794921875 0.767578125 0.787109375 0.763671875 0.787109375 0.7578125 0.78125 0.7578125 0.77734375
0 0.470703125 0.84765625 0.474609375 0.8515625 0.474609375 0.865234375 0.46875 0.865234375 0.46875 0.861328125 0.46484375 0.859375 0.46484375 0.85546875 0.470703125 0.849609375
0 0.642578125 0.7861328125 0.0234375 0.0283203125
0 0.6171875 0.7734375 0.623046875 0.7734375 0.623046875 0.77734375 0.626953125 0.78125 0.626953125 0.787109375 0.619140625 0.79296875 0.611328125 0.791015625 0.609375 0.787109375 0.611328125 0.78125 0.6171875 0.775390625
0 0.2431640625 0.9814453125 0.048828125 0.0234375
0 0.388671875 0.95703125 0.0234375 0.04296875