0 0.9765625 0.4140625 0.982421875 0.4140625 0.982421875 0.423828125 0.974609375 0.435546875 0.96875 0.43359375 0.970703125 0.423828125 0.9765625 0.416015625
0 0.9296875 0.62890625 0.935546875 0.6328125 0.935546875 0.638671875 0.931640625 0.638671875 0.9296875 0.63671875 0.9296875 0.630859375
0 0.578125 0.685546875 0.576171875 0.6796875 0.578125 0.67578125 0.58203125 0.677734375 0.58203125 0.685546875 0.580078125 0.685546875
0 0.9609375 0.671875 0.962890625 0.669921875 0.96875 0.671875 0.970703125 0.677734375 0.966796875 0.677734375 0.962890625 0.673828125
0 0.2109375 0.046875 0.220703125 0.0546875 0.232421875 0.072265625 0.24609375 0.0859375 0.24609375 0.091796875 0.240234375 0.091796875 0.2265625 0.080078125 0.2265625 0.076171875 0.21875 0.068359375 0.21875 0.064453125 0.21484375 0.060546875 0.2109375 0.048828125
0 0.171875 0.32421875 0.177734375 0.326171875 0.177734375 0.333984375 0.17578125 0.3359375 0.16796875 0.333984375 0.16796875 0.328125 0.171875 0.326171875
0 0.9296875 0.62890625 0.935546875 0.6328125 0.935546875 0.638671875 0.931640625 0.638671875 0.9296875 0.63671875 0.9296875 0.630859375
0 0.9765625 0.4140625 0.982421875 0.4140625 0.982421875 0.423828125 0.974609375 0.439453125 0.966796875 0.447265625 0.966796875 0.451171875 0.958984375 0.4609375 0.95703125 0.466796875 0.94921875 0.474609375 0.953125 0.46875 0.953125 0.458984375 0.9609375 0.451171875 0.9609375 0.4453125 0.96875 0.435546875 0.96875 0.427734375 0.9765625 0.416015625
0 0.291015625 0.482421875 0.291015625 0.48828125 0.2890625 0.490234375 0.283203125 0.490234375 0.283203125 0.486328125 0.2890625 0.482421875
0 0.2421875 0.5703125 0.25 0.5703125 0.25 0.576171875 0.244140625 0.58203125 0.2421875 0.580078125 0.2421875 0.572265625
0 0.103515625 0.2265625 0.10546875 0.228515625 0.14453125 0.232421875 0.146484375 0.234375 0.1640625 0.234375 0.18359375 0.2421875 0.201171875 0.244140625 0.20703125 0.248046875 0.20703125 0.25390625 0.193359375 0.25390625 0.17578125 0.248046875 0.1640625 0.248046875 0.162109375 0.24609375 0.125 0.2421875 0.123046875 0.240234375 0.087890625 0.240234375 0.0859375 0.23828125 0.078125 0.23828125 0.0703125 0.23046875 0.072265625 0.2265625 0.1015625 0.2265625
0 0.3046875 0.576171875 0.3046875 0.5703125 0.30859375 0.56640625 0.3125 0.568359375 0.3125 0.57421875 0.306640625 0.576171875
0 0.072265625 0.2265625 0.103515625 0.2265625 0.10546875 0.228515625 0.1171875 0.228515625 0.119140625 0.23046875 0.134765625 0.23046875 0.146484375 0.234375 0.1640625 0.234375 0.17578125 0.240234375 0.193359375 0.2421875 0.20703125 0.248046875 0.20703125 0.25390625 0.193359375 0.25390625 0.17578125 0.248046875 0.1640625 0.248046875 0.162109375 0.24609375 0.125 0.2421875 0.123046875 0.240234375 0.087890625 0.240234375 0.076171875 0.236328125 0.0703125 0.23046875 0.072265625 0.228515625
0 0.955078125 0.6328125 0.9609375 0.6328125 0.95703125 0.642578125 0.955078125 0.642578125 0.955078125 0.634765625
0 0.16796875 0.3203125 0.17578125 0.322265625 0.1796875 0.328125 0.1796875 0.33203125 0.17578125 0.3359375 0.169921875 0.3359375 0.16796875 0.333984375 0.16796875 0.322265625
0 0.98046875 0.66796875 0.982421875 0.66796875 0.982421875 0.6875 0.978515625 0.685546875 0.98046875 0.681640625 0.98046875 0.669921875
0 0.4453125 0.6015625 0.451171875 0.6015625 0.453125 0.603515625 0.453125 0.611328125 0.4453125 0.619140625 0.439453125 0.615234375 0.439453125 0.609375 0.4453125 0.603515625