0 0.7551937500000001 0.5927421875000001 0.7675921875 0.5848515625 0.7642109375000001 0.575834375 0.6498046875000001 0.5455421875 0.6402234375 0.5673812500000001 0.7551937500000001 0.5927421875000001
0 0.8932687500000001 0.624303125 0.8989046875 0.6158484375 0.7777359375 0.577103125 0.7687187500000001 0.5966875 0.8932687500000001 0.624303125
0 0.9428640625 0.552728125 0.9586437500000001 0.530184375 0.927646875 0.5275078125 0.9315921875000002 0.5499109375 0.9428640625 0.552728125
0 0.7412109375 0.8818359375 0.0078125 0.0146484375
0 0.728515625 0.8828125 0.0087890625 0.0166015625
0 0.71875 0.8798828125 0.001953125 0.0166015625
0 0.716796875 0.8779296875 0.0126953125 0.01171875
0 0.712890625 0.873046875 0.005859375 0.009765625
0 0.6640625 0.8720703125 0.01953125 0.01171875
0 0.634765625 0.86328125 0.0166015625 0.0166015625
0 0.62109375 0.8583984375 0.005859375 0.0126953125
0 0.294921875 0.8251953125 0.0078125 0.0283203125
0 0.2880859375 0.8271484375 0.009765625 0.02734375
0 0.279296875 0.830078125 0.0087890625 0.0263671875
0 0.2676984375 0.8108468750000001 0.26431718750000005 0.8401515625 0.279534375 0.8476203125 0.279534375 0.8080281250000001 0.2676984375 0.8108468750000001
0 0.2609359375 0.8108468750000001 0.2541734375 0.8395890625 0.2660078125 0.8431109375000001 0.27164375 0.8108468750000001 0.2609359375 0.8108468750000001
0 0.122296875 0.8035203125000001 0.1206046875 0.76350625 0.1104609375 0.7591375 0.1104609375 0.8029562500000001 0.122296875 0.8035203125000001
0 0.11891406250000001 0.7009484375000001 0.12116875 0.6727703125 0.11215156250000001 0.6695296875000001 0.1132796875 0.7009484375000001 0.11891406250000001 0.7009484375000001
0 0.686678125 0.534115625 0.6888281250000001 0.5287406250000001 0.6667968750000001 0.5233640625 0.6364171875000001 0.5283000000000001 0.640465625 0.533040625 0.686678125 0.534115625
0 0.229296875 0.8561937500000001 0.22559218749999999 0.8502640625 0.1958375 0.8525625 0.1974359375 0.8595296875000001 0.229296875 0.8561937500000001
0 0.0414703125 0.9518109375 0.0348015625 0.9458812500000001 0.0025703125 0.9592234375 0.0025703125 0.9688593750000001 0.0414703125 0.9518109375