0 0.1259765625 0.4990234375 0.05859375 0.025390625
0 0.1640625 0.39453125 0.013671875 0.0224609375
0 0.17578125 0.3955078125 0.0107421875 0.0205078125
0 0.1845703125 0.39453125 0.01171875 0.0166015625
0 0.158203125 0.458984375 0.0400390625 0.0126953125
0 0.341796875 0.443359375 0.02734375 0.0087890625
0 0.2744140625 0.365234375 0.0146484375 0.005859375
0 0.2734375 0.3740234375 0.01171875 0.0078125
0 0.271484375 0.3857421875 0.015625 0.0068359375
0 0.302734375 0.3642578125 0.0146484375 0.0068359375
0 0.302734375 0.369140625 0.0126953125 0.005859375
0 0.30078125 0.380859375 0.009765625 0.0048828125
0 0.30078125 0.3896484375 0.009765625 0.0126953125
0 0.3505859375 0.4208984375 0.0205078125 0.0107421875
0 0.302734375 0.4091796875 0.0341796875 0.009765625
0 0.1591796875 0.4375 0.00390625 0.0126953125
0 0.3173828125 0.3984375 0.017578125 0.005859375
0 0.31640625 0.3916015625 0.013671875 0.00390625
0 0.318359375 0.3857421875 0.015625 0.0048828125
0 0.3173828125 0.373046875 0.0126953125 0.0068359375
0 0.4228515625 0.580078125 0.01953125 0.0166015625
0 0.646484375 0.578125 0.029296875 0.0166015625
0 0.490234375 0.642578125 0.0166015625 0.013671875
0 0.482421875 0.705078125 0.02734375 0.0244140625
0 0.359375 0.6416015625 0.0185546875 0.01171875
0 0.4326171875 0.7421875 0.0224609375 0.01953125
0 0.3994140625 0.8173828125 0.01171875 0.0234375
0 0.6689453125 0.451171875 0.0107421875 0.017578125
0 0.9033203125 0.39453125 0.01171875 0.013671875
0 0.6376953125 0.4453125 0.0185546875 0.0068359375
0 0.5986328125 0.4443359375 0.0078125 0.0126953125
0 0.6982421875 0.8583984375 0.021484375 0.029296875
0 0.5224609375 0.9755859375 0.013671875 0.0166015625
0 0.2646484375 0.8447265625 0.0146484375 0.03125
0 0.3193359375 0.876953125 0.0234375 0.0322265625
0 0.2705078125 0.904296875 0.0185546875 0.0166015625
0 0.3095703125 0.9267578125 0.009765625 0.0234375
0 0.2265625 0.9677734375 0.02734375 0.0185546875
0 0.2314453125 0.8349609375 0.0126953125 0.025390625
0 0.236328125 0.3662109375 0.0107421875 0.005859375
0 0.2333984375 0.38671875 0.01171875 0.005859375
0 0.232421875 0.3955078125 0.0087890625 0.0048828125
0 0.2568359375 0.3642578125 0.0107421875 0.005859375
0 0.8359375 0.4912109375 0.0048828125 0.0107421875
0 0.916015625 0.36328125 0.0126953125 0.0068359375