0 0.0155265625 0.807853125 0.0298796875 0.8093390625 0.0422546875 0.80884375 0.0655171875 0.8073578124999999 0.06502187499999999 0.8029015625 0.04324375 0.79795 0.0229515625 0.79795 0.013360937500000001 0.8028031250000001 0 0.8053781250000001 0.00554375 0.8128046875000001 0.0155265625 0.807853125
0 0.1832328125 0.8885609375 0.1807578125 0.8756875000000002 0.11233906250000002 0.8584718750000001 0.11591875000000001 0.8806390625000001 0.1832328125 0.8885609375
0 0.2683640625 0.928171875 0.262425 0.9073765625000001 0.17969843750000003 0.9046781250000001 0.1852125 0.92223125 0.2683640625 0.928171875
0 0.40942656250000004 0.9687734375 0.3985375 0.9484734375000001 0.32944687500000003 0.970365625 0.3346875 0.9865984375000001 0.40942656250000004 0.9687734375
0 0.010223437500000002 0.9841515625 0.011015625000000001 0.9468765625 0.0038640625 0.9466765625000001 0 0.98309375 0.010223437500000002 0.9841515625
0 0.10060000000000001 0.95375 0.10139375 0.9463484375000001 0.0791953125 0.9460843750000001 0.08315937500000001 0.955071875 0.10060000000000001 0.95375
0 0.375165625 0.9503140625000001 0.3743734375 0.9394750000000001 0.33632031250000005 0.9444984375000001 0.3386453125 0.9443 0.34001875000000004 0.95639375 0.375165625 0.9503140625000001
0 0.27051875000000003 0.99551875 0.2697265625 0.983359375 0.24740000000000004 0.9811546875 0.248321875 0.9978984375 0.27051875000000003 0.99551875
0 0.5589453125 0.8270406250000001 0.5795578124999999 0.8283625000000001 0.59620625 0.8302140625000001 0.6054546875 0.8296843750000001 0.613646875 0.8236046875 0.6231609375 0.8243968750000001 0.6310890625000001 0.8254546875000002 0.631353125 0.8183171874999999 0.6202531250000001 0.8130296875000002 0.6051906250000001 0.8172593750000001 0.59805625 0.822546875 0.5824640625 0.8156734375 0.5623812499999999 0.818053125 0.5544531250000001 0.8172593750000001 0.5430906249999999 0.805628125 0.5396546875 0.7998125 0.5348984375 0.7998125 0.5332125 0.8040109375000001 0.5404468750000001 0.8222828125 0.5589453125 0.8270406250000001
0 0.5164 0.8751546875000001 0.5237984375 0.8785906250000001 0.5327843750000001 0.8746265625 0.5245921875 0.8688093750000001 0.5150781249999999 0.8656375000000001 0.50239375 0.8645796875 0.49338437500000004 0.867021875 0.5026578125000001 0.876740625 0.5164 0.8751546875000001
0 0.79285 0.8693625000000001 0.8089703125000001 0.8728 0.8279968750000001 0.8765000000000001 0.8528359375000001 0.8804656250000001 0.8795265625000002 0.8846953125000001 0.9048953125000001 0.8865453125 0.9202234375 0.8854890625 0.937928125 0.883903125 0.9445343749999999 0.8762359375000002 0.9318500000000001 0.873328125 0.9064812500000001 0.869890625 0.8916828125 0.8683046875000001 0.876884375 0.8656609375000001 0.8589140625000001 0.8630187500000001 0.8359234375 0.860903125 0.8184828125 0.8587890625000001 0.7976062500000001 0.856409375 0.7862437500000001 0.8556156250000001 0.7550609375 0.8535015625 0.755325 0.8579953124999999 0.7545328125 0.859053125 0.7643093750000001 0.8638109375000002 0.79285 0.8693625000000001
0 0.835546875 0.824459375 0.8376609374999999 0.82208125 0.8315828125 0.8189078125 0.8284109375 0.8181156250000001 0.8350171875 0.8178515625 0.8231265625000002 0.8117703125000001 0.8104421875000001 0.8123 0.7985500000000001 0.8141500000000002 0.798021875 0.8152078125 0.7982859375000001 0.8197015625000001 0.799871875 0.8186437500000001 0.7993421875000001 0.8183796875000001 0.8225984375 0.8247249999999999 0.835546875 0.824459375
0 0.2555171875 0.7620562500000001 0.2592171875 0.7586187500000001 0.263975 0.753596875 0.265559375 0.7477796875 0.26133125 0.7448718750000001 0.255253125 0.7586187500000001 0.2555171875 0.7620562500000001
0 0.43530625 0.69468125 0.44984062500000005 0.6952093750000001 0.45301093750000004 0.6944171875 0.4485187500000001 0.6872796875 0.43583437500000005 0.6872796875 0.4279953125 0.691365625 0.4318703125 0.69468125 0.43530625 0.69468125
0 0.8235718750000001 0.7489984375000001 0.8167015625 0.7513765625 0.8201375000000001 0.7622156250000001 0.8217234375000001 0.7645953125 0.8235718750000001 0.7489984375000001
0 0.9184125000000001 0.7432500000000001 0.9207906250000001 0.7369046875 0.90651875 0.7335703125 0.9020281250000001 0.7400765625000001 0.9184125000000001 0.7432500000000001
0 0.9762859375 0.7673062500000001 0.9443109375000001 0.76386875 0.9418890625 0.7704265625 0.9770781250000001 0.7733859375000001 0.9762859375 0.7673062500000001
0 0.9984375000000001 0.79929375 0.9844781250000001 0.796121875 0.982628125 0.8048453125 0.9984375000000001 0.8069593749999999 0.9984375000000001 0.79929375
0 0.95703125 0.748046875 0.0107421875 0.0078125
0 0.955078125 0.7392578125 0.0126953125 0.009765625
0 0.97265625 0.7421875 0.0107421875 0.0078125
0 0.9716796875 0.74609375 0.013671875 0.005859375
0 0.9716796875 0.7509765625 0.0146484375 0.0078125
0 0.97265625 0.7568359375 0.0166015625 0.0068359375
0 0.88671875 0.7568359375 0.0107421875 0.009765625
0 0.8876953125 0.7470703125 0.0146484375 0.0048828125
0 0.8876953125 0.7412109375 0.013671875 0.001953125
0 0.8876953125 0.724609375 0.01171875 0.0126953125
0 0.8525390625 0.75390625 0.009765625 0.01171875
0 0.83984375 0.7548828125 0.0087890625 0.0244140625
0 0.8291015625 0.755859375 0.0087890625 0.0166015625
0 0.822265625 0.798828125 0.005859375 0.009765625
0 0.8115234375 0.7958984375 0.0107421875 0.0146484375
0 0.54296875 0.9814453125 0.0146484375 0.0224609375