0 0.92578125 0.537109375 0.927734375 0.5390625 0.92578125 0.544921875 0.91796875 0.544921875 0.91796875 0.541015625 0.923828125 0.537109375
0 0.3125 0 0.3203125 0 0.328125 0.0078125 0.326171875 0.013671875 0.3125 0.013671875 0.3125 0.0078125 0.310546875 0.005859375 0.3125 0.001953125
0 0.25 0.265625 0.26953125 0.265625 0.271484375 0.267578125 0.271484375 0.29296875 0.26953125 0.294921875 0.265625 0.294921875 0.251953125 0.28515625 0.25 0.267578125
0 0.654296875 0.33203125 0.65625 0.3359375 0.65625 0.34765625 0.654296875 0.349609375 0.654296875 0.357421875 0.650390625 0.361328125 0.650390625 0.365234375 0.646484375 0.37109375 0.646484375 0.37890625 0.64453125 0.380859375 0.63671875 0.380859375 0.6328125 0.376953125 0.6328125 0.361328125 0.640625 0.337890625 0.65234375 0.333984375
0 0.49609375 0.14453125 0.5 0.142578125 0.513671875 0.142578125 0.51953125 0.1484375 0.517578125 0.150390625 0.5 0.150390625 0.49609375 0.146484375
0 0.880859375 0.59765625 0.88671875 0.6015625 0.884765625 0.607421875 0.880859375 0.611328125 0.875 0.609375 0.875 0.6015625 0.87890625 0.599609375
0 0.607421875 0.322265625 0.611328125 0.326171875 0.611328125 0.33203125 0.607421875 0.3359375 0.6015625 0.333984375 0.6015625 0.328125 0.60546875 0.32421875
0 0.060546875 0.078125 0.0625 0.083984375 0.056640625 0.0859375 0.03125 0.0859375 0.029296875 0.087890625 0.013671875 0.087890625 0.01171875 0.08984375 0 0.087890625 0 0.08203125 0.00390625 0.080078125 0.01171875 0.080078125 0.0234375 0.076171875 0.05859375 0.078125
0 0.306640625 0.3046875 0.310546875 0.30859375 0.318359375 0.3046875 0.326171875 0.3125 0.32421875 0.318359375 0.318359375 0.318359375 0.30859375 0.322265625 0.302734375 0.322265625 0.296875 0.318359375 0.296875 0.306640625 0.298828125 0.3046875 0.3046875 0.3046875
0 0.255859375 0.037109375 0.2578125 0.02734375 0.26171875 0.0234375 0.267578125 0.0234375 0.26953125 0.025390625 0.263671875 0.033203125 0.263671875 0.037109375 0.2578125 0.037109375
0 0.3701171875 0.24609375 0.052734375 0.0205078125
0 0.162109375 0.296875 0.16796875 0.3046875 0.16796875 0.326171875 0.1640625 0.333984375 0.15625 0.333984375 0.154296875 0.330078125 0.154296875 0.30859375 0.15625 0.306640625 0.15625 0.298828125 0.16015625 0.296875
0 0.9765625 0.515625 0.009765625 0.0126953125
0 0.3515625 0.21875 0.359375 0.21875 0.361328125 0.220703125 0.361328125 0.224609375 0.357421875 0.228515625 0.3515625 0.228515625 0.349609375 0.2265625 0.3515625 0.220703125
0 0.578125 0.35546875 0.583984375 0.353515625 0.583984375 0.365234375 0.578125 0.365234375 0.578125 0.357421875
0 0.037109375 0.078125 0.060546875 0.078125 0.0625 0.08203125 0.0625 0.083984375 0.046875 0.0859375 0.044921875 0.083984375 0.0390625 0.083984375 0.037109375 0.080078125
0 0.857421875 0.138671875 0.884765625 0.146484375 0.931640625 0.1484375 0.951171875 0.154296875 0.939453125 0.158203125 0.908203125 0.16015625 0.90625 0.162109375 0.8828125 0.16015625 0.880859375 0.158203125 0.86328125 0.158203125 0.861328125 0.15625 0.849609375 0.15625 0.84765625 0.154296875 0.822265625 0.154296875 0.8203125 0.15234375 0.810546875 0.15234375 0.794921875 0.146484375 0.78515625 0.146484375 0.779296875 0.142578125 0.759765625 0.138671875 0.7578125 0.13671875 0.759765625 0.130859375 0.818359375 0.1328125 0.8203125 0.134765625 0.8359375 0.134765625 0.837890625 0.13671875 0.85546875 0.138671875
0 0.0390625 0.2265625 0.052734375 0.2265625 0.0546875 0.23046875 0.06640625 0.23046875 0.068359375 0.232421875 0.068359375 0.234375 0.0625 0.234375 0.05859375 0.23828125 0.064453125 0.248046875 0.060546875 0.2578125 0.060546875 0.263671875 0.064453125 0.2734375 0.0625 0.287109375 0.060546875 0.2890625 0.060546875 0.3203125 0.048828125 0.328125 0.04296875 0.3203125 0.04296875 0.306640625 0.0390625 0.294921875 0.0390625 0.287109375 0.041015625 0.28515625 0.041015625 0.27734375 0.037109375 0.265625 0.037109375 0.2578125 0.0390625 0.255859375 0.0390625 0.228515625
0 0.134765625 0.251953125 0.138671875 0.25390625 0.138671875 0.267578125 0.130859375 0.267578125 0.126953125 0.263671875 0.126953125 0.255859375 0.1328125 0.251953125
0 0.296875 0.3046875 0.306640625 0.302734375 0.310546875 0.306640625 0.318359375 0.3046875 0.32421875 0.30859375 0.32421875 0.31640625 0.3203125 0.318359375 0.314453125 0.318359375 0.3125 0.31640625 0.298828125 0.318359375 0.296875 0.31640625 0.296875 0.306640625
0 0.248046875 0.1875 0.255859375 0.19140625 0.25390625 0.197265625 0.2265625 0.1953125 0.224609375 0.193359375 0.20703125 0.193359375 0.193359375 0.189453125 0.189453125 0.185546875 0.19140625 0.181640625 0.205078125 0.181640625 0.216796875 0.185546875 0.24609375 0.1875
0 0.607421875 0.322265625 0.611328125 0.32421875 0.61328125 0.3359375 0.611328125 0.341796875 0.607421875 0.34375 0.60546875 0.365234375 0.6015625 0.3671875 0.595703125 0.36328125 0.595703125 0.34765625 0.59375 0.345703125 0.59375 0.333984375 0.599609375 0.33203125 0.603515625 0.32421875 0.60546875 0.32421875
0 0.5390625 0.2578125 0.54296875 0.2578125 0.54296875 0.26171875 0.537109375 0.26953125 0.537109375 0.26171875 0.5390625 0.259765625
0 0.021484375 0.220703125 0.025390625 0.224609375 0.021484375 0.234375 0.021484375 0.275390625 0.0234375 0.27734375 0.021484375 0.283203125 0.015625 0.283203125 0.013671875 0.28125 0.0078125 0.28125 0.005859375 0.283203125 0 0.28125 0 0.265625 0.001953125 0.263671875 0 0.259765625 0 0.2421875 0.005859375 0.2265625 0.013671875 0.220703125 0.01953125 0.220703125
0 0.91796875 0.482421875 0.0107421875 0.0126953125
0 0.8984375 0.666015625 0.904296875 0.6640625 0.90234375 0.673828125 0.896484375 0.677734375 0.890625 0.677734375 0.890625 0.673828125 0.8984375 0.66796875
0 0.109375 0.23046875 0.11328125 0.234375 0.111328125 0.240234375 0.115234375 0.248046875 0.115234375 0.255859375 0.11328125 0.2578125 0.111328125 0.271484375 0.107421875 0.275390625 0.107421875 0.28125 0.10546875 0.283203125 0.107421875 0.2890625 0.10546875 0.318359375 0.103515625 0.32421875 0.09765625 0.328125 0.09375 0.328125 0.087890625 0.32421875 0.087890625 0.310546875 0.0859375 0.30859375 0.0859375 0.279296875 0.08984375 0.265625 0.087890625 0.26171875 0.08984375 0.259765625 0.08984375 0.251953125 0.095703125 0.2421875 0.08203125 0.232421875 0.08203125 0.2265625 0.083984375 0.224609375 0.09375 0.224609375 0.103515625 0.23046875 0.107421875 0.23046875
0 0.8154296875 0.0947265625 0.0341796875 0.013671875
0 0.30078125 0.275390625 0.310546875 0.2734375 0.31640625 0.279296875 0.326171875 0.283203125 0.326171875 0.2890625 0.322265625 0.29296875 0.314453125 0.2890625 0.302734375 0.2890625 0.298828125 0.287109375 0.298828125 0.279296875 0.30078125 0.27734375
0 0.25 0.265625 0.26953125 0.265625 0.271484375 0.267578125 0.271484375 0.275390625 0.267578125 0.27734375 0.251953125 0.275390625 0.25 0.267578125
0 0.25390625 0.2890625 0.259765625 0.296875 0.255859375 0.302734375 0.24609375 0.302734375 0.2421875 0.298828125 0.244140625 0.291015625 0.24609375 0.2890625 0.251953125 0.2890625
0 0.6796875 0.326171875 0.6875 0.326171875 0.69140625 0.3359375 0.685546875 0.34765625 0.681640625 0.34765625 0.6796875 0.345703125 0.6796875 0.328125
0 0.26953125 0.302734375 0.271484375 0.3046875 0.271484375 0.3125 0.267578125 0.31640625 0.26171875 0.314453125 0.259765625 0.310546875 0.259765625 0.3046875 0.26171875 0.302734375 0.267578125 0.302734375
0 0.966796875 0.560546875 0.966796875 0.568359375 0.962890625 0.5703125 0.958984375 0.5703125 0.958984375 0.564453125 0.96484375 0.560546875
0 0.076171875 0.248046875 0.08203125 0.25 0.08203125 0.263671875 0.080078125 0.265625 0.080078125 0.27734375 0.078125 0.279296875 0.080078125 0.28125 0.080078125 0.302734375 0.08203125 0.3046875 0.080078125 0.306640625 0.080078125 0.314453125 0.076171875 0.3203125 0.076171875 0.326171875 0.0703125 0.328125 0.06640625 0.322265625 0.06640625 0.265625 0.068359375 0.263671875 0.068359375 0.25390625 0.0703125 0.25 0.07421875 0.25
0 0.2607421875 0.283203125 0.0185546875 0.0126953125
0 0.44921875 0.279296875 0.453125 0.2734375 0.462890625 0.2734375 0.462890625 0.27734375 0.4609375 0.279296875 0.451171875 0.279296875
0 0.095703125 0.224609375 0.099609375 0.2265625 0.099609375 0.232421875 0.095703125 0.236328125 0.08984375 0.236328125 0.08203125 0.232421875 0.080078125 0.228515625 0.083984375 0.224609375 0.09375 0.224609375
0 0.640625 0.337890625 0.64453125 0.337890625 0.646484375 0.34375 0.646484375 0.36328125 0.640625 0.37890625 0.63671875 0.37890625 0.6328125 0.375 0.6328125 0.361328125 0.634765625 0.359375 0.63671875 0.345703125 0.640625 0.33984375
0 0.322265625 0.306640625 0.326171875 0.3125 0.32421875 0.318359375 0.3125 0.318359375 0.314453125 0.310546875 0.3203125 0.306640625
0 0.30078125 0.275390625 0.310546875 0.2734375 0.3203125 0.28125 0.326171875 0.283203125 0.326171875 0.291015625 0.32421875 0.29296875 0.326171875 0.318359375 0.322265625 0.318359375 0.318359375 0.322265625 0.31640625 0.333984375 0.306640625 0.3359375 0.3046875 0.333984375 0.3046875 0.328125 0.296875 0.3203125 0.298828125 0.279296875 0.30078125 0.27734375
0 0.134765625 0.3046875 0.0224609375 0.0625
0 0.8168734375 0.5794687500000001 0.8505359375 0.6405671875000001 0.8865046875000001 0.4598093750000001 0.8750625 0.46882031250000006 0.8168734375 0.5794687500000001
0 0.974609375 0.009765625 0.013671875 0.005859375
0 0.9736328125 0.0166015625 0.0107421875 0.0087890625
0 0.9736328125 0.0205078125 0.0166015625 0.0048828125
0 0.9736328125 0.029296875 0.0166015625 0.005859375
0 0.97265625 0.0341796875 0.017578125 0.0048828125
0 0.9609375 0.046875 0.0361328125 0.0068359375
0 0.955078125 0.0166015625 0.0126953125 0.009765625
0 0.955078125 0.025390625 0.015625 0.0087890625
0 0.9296875 0.0048828125 0.017578125 0.009765625
0 0.9296875 0.01171875 0.015625 0.009765625
0 0.9091796875 0.0146484375 0.0146484375 0.0068359375
0 0.8896484375 0.00390625 0.01171875 0.0078125
0 0.88671875 0.01953125 0.0126953125 0.0048828125
0 0.888671875 0.025390625 0.01171875 0.0048828125
0 0.8369140625 0.029296875 0.0107421875 0.017578125
0 0.828125 0.03125 0.005859375 0.01171875
0 0.8203125 0.0322265625 0.0087890625 0.0166015625
0 0.8525390625 0.0322265625 0.0078125 0.0166015625
0 0.8125 0.07421875 0.0068359375 0.013671875
0 0.9892578125 0.0771484375 0.021484375 0.005859375
0 0.53751875 0.0960171875 0.5499234375000001 0.10133593750000001 0.5676453125 0.10251874999999999 0.5903890625 0.103109375 0.6030906250000001 0.103109375 0.6131328125 0.09838125 0.6214031250000001 0.0969046875 0.6270156250000001 0.10133593750000001 0.6267203125 0.09276718750000001 0.6154953125 0.0898125 0.6066343750000001 0.0915859375 0.599840625 0.0954265625 0.5886171875 0.0980859375 0.5729625 0.0966078125 0.5505140625 0.09424531250000001 0.5443109375 0.088334375 0.538109375 0.08390312500000001 0.534528125 0.07810625 0.53545 0.0880390625 0.53751875 0.0960171875
0 0.8287734375 0.713875 0.8242531250000001 0.7156250000000001 0.8322421875 0.726815625 0.8372296875 0.72248125 0.8287734375 0.713875
0 0.817984375 0.720584375 0.829065625 0.7334203125000001 0.8307671875000001 0.7319 0.8211921875 0.718834375 0.817984375 0.720584375
0 0.8140468750000001 0.7262734375000001 0.8210453125000001 0.7340031250000001 0.826503125 0.7314078125000001 0.8190046875000001 0.7217515625 0.8140468750000001 0.7262734375000001
0 0.8039875000000001 0.7275859375 0.8082156250000001 0.7369203125000001 0.81305625 0.7361640625 0.81200625 0.72598125 0.8039875000000001 0.7275859375
0 0.8067871369539985 0.738545509605145 0.8105484375 0.7370671875000001 0.8050078125000001 0.72816875 0.7996125000000001 0.7310859375000001 0.8067871369539985 0.738545509605145
0 0.800925 0.7312328125 0.796259375 0.7329828125 0.8025609375 0.7410828125000001 0.80806875 0.740421875 0.800925 0.7312328125
0 0.8087984375 0.7760109375 0.8042781250000002 0.7674046875 0.8007796875000001 0.7711984375000001 0.8036953125 0.7774703125000001 0.8087984375 0.7760109375
0 0.813171875 0.7742609375 0.8083609375 0.7649265625 0.8046921875000002 0.7686328125 0.80850625 0.775865625 0.813171875 0.7742609375
0 0.8165265625 0.7719265625 0.814921875 0.7649265625 0.807971875 0.7665015625 0.8109859374999999 0.77309375 0.8165265625 0.7719265625
0 0.825128125 0.77090625 0.8227953125000002 0.761571875 0.81584375 0.761090625 0.8187125000000001 0.7716359375 0.825128125 0.77090625
0 0.8283359375 0.7701765625000001 0.8265859375 0.7608421875000001 0.8215828125 0.759778125 0.8220671875000001 0.7685718750000001 0.8283359375 0.7701765625000001
0 0.8347515625 0.7653640625000001 0.8398546874999999 0.7640500000000001 0.8341687500000001 0.7552984375 0.8296187500000001 0.757809375 0.8299406250000001 0.7579250000000001 0.8347515625 0.7653640625000001
0 0.842625 0.7624468750000001 0.83825 0.7507781250000001 0.831259375 0.75321875 0.839125 0.7636125 0.842625 0.7624468750000001
0 0.8534140625 0.7588 0.8488937500000001 0.7513609375 0.8451984375000001 0.75321875 0.8483109375 0.7599671875 0.8534140625 0.7588
0 0.8566218750000001 0.756465625 0.8521015625000001 0.744796875 0.8471453125 0.7461093750000001 0.850353125 0.757340625 0.8566218750000001 0.756465625
0 0.7888234375000001 0.7370671875000001 0.7841578125 0.7382343750000001 0.7883859375000001 0.7477140625 0.79509375 0.74713125 0.7888234375000001 0.7370671875000001