0 0.640625 0.802734375 0.64453125 0.8046875 0.642578125 0.80859375 0.6328125 0.80859375 0.630859375 0.8046875 0.6328125 0.802734375 0.638671875 0.802734375
0 0.421875 0.93359375 0.4296875 0.9375 0.4453125 0.9375 0.453125 0.94140625 0.458984375 0.94140625 0.46484375 0.9453125 0.470703125 0.9453125 0.466796875 0.94921875 0.44921875 0.94921875 0.447265625 0.951171875 0.4375 0.94921875 0.431640625 0.9453125 0.416015625 0.943359375 0.4140625 0.94140625 0.4140625 0.935546875 0.419921875 0.93359375
0 0.15625 0.802734375 0.15625 0.79296875 0.158203125 0.791015625 0.162109375 0.79296875 0.162109375 0.802734375 0.158203125 0.802734375
0 0.17578125 0.810546875 0.177734375 0.8125 0.177734375 0.818359375 0.181640625 0.8203125 0.17578125 0.82421875 0.15625 0.82421875 0.142578125 0.818359375 0.14453125 0.8125 0.173828125 0.810546875
0 0.103515625 0.85546875 0.119140625 0.853515625 0.12109375 0.85546875 0.134765625 0.85546875 0.13671875 0.857421875 0.158203125 0.857421875 0.16015625 0.859375 0.193359375 0.859375 0.234375 0.87109375 0.271484375 0.875 0.26953125 0.880859375 0.201171875 0.880859375 0.19921875 0.87890625 0.1875 0.87890625 0.185546875 0.876953125 0.173828125 0.876953125 0.171875 0.875 0.140625 0.873046875 0.13671875 0.869140625 0.125 0.865234375 0.111328125 0.865234375 0.103515625 0.857421875
0 0.3017578125 0.744140625 0.0126953125 0.017578125
0 0.8046875 0.84375 0.814453125 0.84375 0.814453125 0.853515625 0.8125 0.85546875 0.806640625 0.85546875 0.8046875 0.853515625 0.8046875 0.845703125
0 0.1796875 0.748046875 0.185546875 0.75 0.185546875 0.763671875 0.1796875 0.763671875 0.1796875 0.75
0 0.26171875 0.720703125 0.263671875 0.73046875 0.2578125 0.734375 0.251953125 0.732421875 0.251953125 0.724609375 0.259765625 0.720703125
0 0.1572265625 0.8173828125 0.0263671875 0.0126953125
0 0.123046875 0.74609375 0.125 0.7578125 0.12109375 0.767578125 0.1171875 0.767578125 0.11328125 0.759765625 0.1171875 0.748046875 0.12109375 0.74609375
0 0.6640625 0.806640625 0.669921875 0.806640625 0.669921875 0.818359375 0.6640625 0.818359375 0.6640625 0.80859375
0 0.232421875 0.724609375 0.0126953125 0.017578125
0 0.34765625 0.77734375 0.349609375 0.779296875 0.357421875 0.779296875 0.357421875 0.787109375 0.345703125 0.7890625 0.341796875 0.79296875 0.3359375 0.791015625 0.3359375 0.78125 0.345703125 0.77734375
0 0.640625 0.943359375 0.638671875 0.939453125 0.640625 0.935546875 0.65625 0.9375 0.65625 0.943359375 0.642578125 0.943359375
0 0.1640625 0.75390625 0.166015625 0.755859375 0.1640625 0.7578125 0.166015625 0.759765625 0.166015625 0.767578125 0.1640625 0.76953125 0.158203125 0.76953125 0.15625 0.767578125 0.15625 0.763671875 0.1640625 0.755859375
0 0.4140625 0.935546875 0.421875 0.93359375 0.4296875 0.9375 0.451171875 0.9375 0.453125 0.939453125 0.466796875 0.94140625 0.47265625 0.9453125 0.490234375 0.947265625 0.501953125 0.953125 0.515625 0.953125 0.525390625 0.9609375 0.533203125 0.962890625 0.53125 0.966796875 0.521484375 0.966796875 0.51953125 0.96484375 0.5 0.962890625 0.4921875 0.958984375 0.48046875 0.958984375 0.46484375 0.953125 0.439453125 0.951171875 0.435546875 0.947265625 0.416015625 0.943359375 0.4140625 0.9375
0 0.421875 0.93359375 0.43359375 0.939453125 0.43359375 0.943359375 0.4296875 0.9453125 0.421875 0.9453125 0.4140625 0.94140625 0.4140625 0.935546875 0.419921875 0.93359375
0 0.05998281250000001 0.7190593750000001 0.059090625 0.7112015625 0.053209375 0.7112234375 0.0544484375 0.7195953125000001 0.05998281250000001 0.7190593750000001
0 0.35387812500000004 0.8081890625 0.3547703125 0.8033671875 0.3326328125 0.8014031250000001 0.3319078125 0.8009765625 0.33120468750000004 0.8062250000000001 0.35387812500000004 0.8081890625
0 0.3226359375 0.756040625 0.309603125 0.756040625 0.30982031250000003 0.758609375 0.32085 0.759790625 0.3226359375 0.756040625
0 0.319065625 0.755146875 0.3201359375 0.7503250000000001 0.31002031250000006 0.7497750000000001 0.3101390625 0.754075 0.319065625 0.755146875
0 0.3215640625 0.7485390625 0.321921875 0.745325 0.313709375 0.7447890625000001 0.3122296875 0.7433500000000001 0.3115671875 0.7474671875000001 0.3215640625 0.7485390625
0 0.3215640625 0.7735421875 0.32085 0.7699703125 0.28833593750000003 0.7648343750000001 0.28800156250000003 0.7696125 0.3215640625 0.7735421875
0 0.321921875 0.768184375 0.32174375 0.7606828125 0.2931546875 0.7610187500000001 0.2922859375 0.7663984375 0.321921875 0.768184375
0 0.282646875 0.72389375 0.2671140625 0.72389375 0.268721875 0.7308593750000001 0.28443125 0.7305015625000001 0.282646875 0.72389375
0 0.249084375 0.7363953125 0.24961875 0.740503125 0.2614296875 0.74174375 0.2612234375 0.7372875 0.249084375 0.7363953125
0 0.9054640625 0.7635859375 0.9053265625 0.75246875 0.900046875 0.7519125 0.9010187500000001 0.7638640625 0.9054640625 0.7635859375
0 0.24034062500000003 0.7423906250000001 0.23874843750000002 0.73848125 0.2260140625 0.739784375 0.22688125000000003 0.74369375 0.24034062500000003 0.7423906250000001
0 0.311684375 0.72154375 0.294896875 0.718503125 0.2955796875 0.7252937500000001 0.3100921875 0.7266109375 0.311684375 0.72154375