0 0.0634765625 0.9580078125 0.021484375 0.0322265625
0 0.2412109375 0.9833984375 0.0361328125 0.0302734375
0 0.36455000000000004 0.9859484374999999 0.3654171875 0.9792937500000001 0.35355625 0.9735796875 0.35095156250000004 0.9795828125 0.36455000000000004 0.9859484374999999
0 0.3622359375 0.9839234375000001 0.350084375 0.9790046875 0.34776875 0.9787875 0.36165625 0.9882625000000002 0.3622359375 0.9839234375000001
0 0.361078125 0.9882625000000002 0.3466125 0.9784265625 0.34371875 0.9825484375000001 0.35876406250000004 0.99318125 0.361078125 0.9882625000000002
0 0.3573171875 0.9914453125 0.3445859375 0.9842124999999999 0.34140312500000003 0.9860203125 0.354134375 0.9966531249999999 0.3573171875 0.9914453125
0 0.1463984375 0.8670359375000001 0.1374296875 0.8586453125000001 0.13164375 0.8626953125000001 0.1414796875 0.8725328125000001 0.1463984375 0.8670359375000001
0 0.1562359375 0.8577765625 0.1388765625 0.8502546875000001 0.13366875 0.8540890624999999 0.14755625000000003 0.8624062500000002 0.1562359375 0.8577765625
0 0.1597078125 0.8496765625 0.1484234375 0.8383921875000001 0.1385875 0.84511875 0.153053125 0.8557515625000001 0.1597078125 0.8496765625
0 0.16867656250000002 0.8444687500000001 0.15652500000000003 0.8308703125 0.1492921875 0.8373078125 0.16144375 0.8496765625 0.16867656250000002 0.8444687500000001
0 0.23261718750000002 0.796440625 0.24129687500000002 0.7822640625 0.23030312500000003 0.7788640625000001 0.2239375 0.7921 0.23261718750000002 0.796440625
0 0.23840468750000002 0.8030953125 0.24997656250000003 0.7866031250000001 0.24419062500000002 0.78175625 0.23175 0.797596875 0.23840468750000002 0.8030953125
0 0.24679375000000003 0.8065671875 0.2537390625 0.79296875 0.251134375 0.7878328125 0.237825 0.8022265625 0.24679375000000003 0.8065671875
0 0.27630625000000003 0.7892078125 0.2870109375 0.7715578125000001 0.27833125000000003 0.7652656250000001 0.26849375000000003 0.7863140625 0.27630625000000003 0.7892078125
0 0.2875890625 0.7923890625000001 0.2959796875 0.7822640625 0.2933765625 0.7710515625000001 0.28238125 0.7854453125 0.2875890625 0.7923890625000001
0 0.31218125 0.7932578125 0.32549062500000003 0.7721375 0.314496875 0.7675796875 0.3003203125 0.7894968750000001 0.31218125 0.7932578125
0 0.29742656250000005 0.7591171875 0.30321250000000005 0.747834375 0.2820921875 0.7469656250000001 0.2806453125 0.7585390625 0.29742656250000005 0.7591171875
0 0.379015625 0.7345250000000001 0.37872656250000003 0.7267125000000001 0.34256093750000005 0.7223734375 0.3306984375 0.7267859375 0.34516562500000003 0.7333671875000001 0.379015625 0.7345250000000001
0 0.3969546875 0.7180328125000001 0.38798593750000004 0.716296875 0.3795953125 0.7345250000000001 0.382778125 0.7412515625 0.38827500000000004 0.7377078125000001 0.3969546875 0.7180328125000001
0 0.39955781250000005 0.7487015625 0.4122890625 0.72960625 0.4105531250000001 0.7246875 0.39811093750000004 0.7429875 0.39608593750000004 0.748990625 0.39955781250000005 0.7487015625
0 0.4079484375 0.7513062500000001 0.42067968750000007 0.72960625 0.41605000000000003 0.7267125000000001 0.40331875000000006 0.7441453125 0.40418750000000003 0.7527515625000001 0.4079484375 0.7513062500000001
0 0.4172640625 0.7649078125000001 0.41979375 0.7623781250000001 0.433346875 0.743403125 0.42774531250000003 0.739653125 0.4147328125 0.7564140625000001 0.4172640625 0.7649078125000001
0 0.3825671875 0.7865937500000001 0.39413281250000004 0.7878578125 0.3825671875 0.7777375000000001 0.36323125 0.7676640625000001 0.35817031250000003 0.7741234375000001 0.3825671875 0.7865937500000001
0 0.460453125 0.7968937500000001 0.4638875 0.79056875 0.43985312499999996 0.77575 0.43063593750000007 0.7750718750000001 0.43027499999999996 0.7786421875 0.460453125 0.7968937500000001
0 0.45322500000000004 0.8071937500000002 0.46081562500000006 0.7952671875 0.42991250000000003 0.7797265625 0.42123906250000004 0.7792296875 0.4201546875 0.7873156250000001 0.45322500000000004 0.8071937500000002
0 0.450334375 0.8122546875 0.4546703125 0.8080984375 0.4284671875 0.7912921875000001 0.42304687500000004 0.792240625 0.42376875 0.7976171875000001 0.450334375 0.8122546875
0 0.431359375 0.8254453125 0.44165937499999997 0.82183125 0.42376875 0.810628125 0.41654062500000005 0.8085046875 0.4163593750000001 0.8138812500000001 0.431359375 0.8254453125
0 0.397384375 0.8077359375000001 0.39593906250000005 0.7916531250000001 0.3887109375 0.7913359375 0.39142187500000003 0.8057484375 0.397384375 0.8077359375000001
0 0.374615625 0.8473125 0.3970234375 0.8185796875 0.39666250000000003 0.8111703125 0.3899765625 0.8104921875000001 0.37335 0.8465890625000001 0.374615625 0.8473125