0 0.279296875 0.009765625 0.283203125 0.01171875 0.283203125 0.017578125 0.28125 0.01953125 0.26953125 0.01953125 0.255859375 0.013671875 0.255859375 0.01171875 0.259765625 0.01171875 0.265625 0.0078125 0.275390625 0.0078125 0.27734375 0.009765625
0 0.0546875 0.052734375 0.056640625 0.0390625 0.064453125 0.021484375 0.068359375 0.021484375 0.064453125 0.048828125 0.0625 0.052734375 0.056640625 0.052734375
0 0.28125 0.046875 0.28125 0.052734375 0.279296875 0.0546875 0.26953125 0.0546875 0.267578125 0.052734375 0.26953125 0.046875 0.279296875 0.046875
0 0.046875 0.115234375 0.05078125 0.1171875 0.05078125 0.12109375 0.046875 0.125 0.044921875 0.13671875 0.0390625 0.142578125 0.037109375 0.1484375 0.033203125 0.150390625 0.03125 0.1484375 0.03125 0.142578125 0.03515625 0.1328125 0.0390625 0.12890625 0.0390625 0.125 0.044921875 0.1171875
0 0.0859375 0.0078125 0.091796875 0.01171875 0.091796875 0.0234375 0.087890625 0.03125 0.087890625 0.037109375 0.083984375 0.04296875 0.083984375 0.052734375 0.072265625 0.052734375 0.078125 0.041015625 0.080078125 0.0234375 0.0859375 0.009765625
0 0.09375 0.013671875 0.1015625 0.013671875 0.103515625 0.017578125 0.099609375 0.048828125 0.09375 0.056640625 0.087890625 0.056640625 0.0859375 0.0546875 0.0859375 0.0390625 0.091796875 0.02734375 0.09375 0.015625
0 0.017578125 0.01953125 0.0234375 0.01953125 0.033203125 0.025390625 0.052734375 0.048828125 0.052734375 0.052734375 0.046875 0.052734375 0.03515625 0.044921875 0.0234375 0.033203125 0.017578125 0.021484375
0 0.11328125 0.0078125 0.115234375 0.009765625 0.115234375 0.03515625 0.111328125 0.044921875 0.109375 0.05859375 0.107421875 0.060546875 0.1015625 0.060546875 0.1015625 0.0390625 0.10546875 0.029296875 0.10546875 0.021484375 0.111328125 0.009765625
0 0.005859375 0.09765625 0.013671875 0.109375 0.013671875 0.115234375 0.017578125 0.12109375 0.017578125 0.12890625 0.013671875 0.1328125 0.0078125 0.130859375 0 0.119140625 0 0.099609375 0.00390625 0.099609375
0 0.607421875 0.05859375 0.619140625 0.06640625 0.619140625 0.068359375 0.61328125 0.0703125 0.59375 0.068359375 0.587890625 0.0625 0.59375 0.056640625 0.603515625 0.056640625 0.60546875 0.05859375
0 0.55859375 0.212890625 0.560546875 0.21484375 0.560546875 0.224609375 0.546875 0.224609375 0.546875 0.216796875 0.55078125 0.212890625 0.556640625 0.212890625
0 0.46484375 0.06640625 0.482421875 0.072265625 0.482421875 0.080078125 0.470703125 0.080078125 0.462890625 0.076171875 0.45703125 0.076171875 0.453125 0.0703125 0.45703125 0.06640625 0.462890625 0.06640625
0 0.0703125 0.0546875 0.064453125 0.05078125 0.064453125 0.046875 0.0703125 0.03125 0.0703125 0.017578125 0.07421875 0.013671875 0.07421875 0.009765625 0.078125 0.005859375 0.083984375 0.005859375 0.083984375 0.017578125 0.08203125 0.01953125 0.08203125 0.029296875 0.078125 0.037109375 0.076171875 0.052734375 0.072265625 0.052734375
0 0.0556640625 0.1962890625 0.021484375 0.01171875
0 0.060546875 0.1884765625 0.037109375 0.015625
0 0.0908203125 0.205078125 0.01171875 0.013671875
0 0.1201171875 0.2197265625 0.009765625 0.013671875
0 0.1142578125 0.2265625 0.013671875 0.0205078125
0 0.158203125 0.2216796875 0.0048828125 0.0126953125
0 0.1640625 0.2275390625 0.0068359375 0.0126953125
0 0.177734375 0.2236328125 0.0107421875 0.015625
0 0.203125 0.2177734375 0.0078125 0.0185546875
0 0.2216796875 0.2490234375 0.0068359375 0.0126953125
0 0.267578125 0.1865234375 0.0126953125 0.0146484375
0 0.236328125 0.234375 0.013671875 0.0087890625
0 0.3466796875 0.2509765625 0.015625 0.017578125
0 0.375 0.2431640625 0.013671875 0.01953125
0 0.3671875 0.2724609375 0.015625 0.0146484375
0 0.412109375 0.248046875 0.013671875 0.0166015625
0 0.4296875 0.2421875 0.0107421875 0.0126953125
0 0.314453125 0.220703125 0.0146484375 0.0126953125
0 0.3173828125 0.2109375 0.015625 0.0087890625
0 0.455078125 0.26171875 0.013671875 0.013671875
0 0.5302734375 0.2236328125 0.025390625 0.0048828125
0 0.52734375 0.2509765625 0.033203125 0.0048828125
0 0.5244140625 0.2568359375 0.0322265625 0.0068359375
0 0.5595703125 0.2451171875 0.025390625 0.0107421875
0 0.5146484375 0.265625 0.0107421875 0.0107421875
0 0.5283203125 0.287109375 0.03125 0.009765625
0 0.5341796875 0.3017578125 0.0166015625 0.0087890625
0 0.5517578125 0.2841796875 0.013671875 0.0087890625
0 0.552734375 0.29296875 0.01953125 0.0078125
0 0.5 0.2978515625 0.005859375 0.0107421875
0 0.611328125 0.23046875 0.015625 0.0048828125
0 0.6083984375 0.240234375 0.01953125 0.0068359375
0 0.6506875000000001 0.26603750000000004 0.6506875000000001 0.2339203125 0.6451984375 0.24083125000000002 0.6423531250000001 0.26746093750000005 0.6506875000000001 0.26603750000000004
0 0.650484375 0.26725781249999997 0.6575984375 0.26563125 0.659428125 0.24632031250000003 0.654753125 0.23864687500000004 0.6529234375 0.24347343750000003 0.650484375 0.26725781249999997
0 0.6578015625 0.2587203125 0.6671515625 0.26156562499999997 0.6669484375 0.22802500000000003 0.6628828125 0.2240109375 0.6575984375 0.23046406250000004 0.6578015625 0.2587203125
0 0.65576875 0.2715265625 0.6492640625 0.2713234375 0.6492640625 0.285603125 0.6559718750000001 0.28473906250000003 0.65576875 0.2715265625
0 0.642578125 0.3125 0.0068359375 0.0087890625
0 0.74609375 0.2255859375 0.0244140625 0.009765625
0 0.765625 0.2431640625 0.0146484375 0.005859375
0 0.7880859375 0.255859375 0.0146484375 0.0078125
0 0.7900390625 0.2802734375 0.0126953125 0.009765625
0 0.771484375 0.30078125 0.0068359375 0.009765625
0 0.5673828125 0.2587890625 0.017578125 0.0078125
0 0.569603125 0.093296875 0.5734359375000001 0.07173906249999999 0.473790625 0.029103125000000004 0.4570234375 0.04347500000000001 0.569603125 0.093296875
0 0.45415000000000005 0.0013171875 0.38803906250000003 0 0.390434375 0.0091015625 0.45510781250000004 0.020959375000000002 0.45415000000000005 0.0013171875
0 0.568165625 0.0391625 0.5255296875000001 0.0314984375 0.5221765625 0.040240625 0.5652921875 0.0506609375 0.568165625 0.0391625
0 0.6013543907748613 0.08659743452285833 0.7224234375 0.09281875 0.731525 0.077009375 0.6045750000000001 0.07221875 0.6013543907748613 0.08659743452285833
0 0.83548125 0.1733 0.8441046875 0.1503046875 0.7708078125000001 0.12970625 0.7703296875000001 0.129346875 0.76026875 0.15365937500000001 0.83548125 0.1733
0 0.9217124999999999 0.211625 0.9322515625 0.18431875 0.8493750000000001 0.16288125 0.841709375 0.19533750000000003 0.9217124999999999 0.211625
0 0.9231500000000001 0.019042187500000002 0.9106937500000001 0.0204796875 0.9111734375 0.041678125 0.9274609375000001 0.025750000000000002 0.9231500000000001 0.019042187500000002
0 0.8701171875 0.3310546875 0.005859375 0.0146484375
0 0.876953125 0.3310546875 0.0048828125 0.013671875
0 0.9052734375 0.30078125 0.021484375 0.0107421875
0 0.9150390625 0.271484375 0.0244140625 0.013671875
0 0.912109375 0.28125 0.0263671875 0.0146484375
0 0.970703125 0.287109375 0.0361328125 0.013671875
0 0.9794921875 0.3037109375 0.0185546875 0.009765625
0 0.9775390625 0.3173828125 0.0205078125 0.009765625
0 0.9658203125 0.2763671875 0.0224609375 0.0087890625
0 0.9267578125 0.3076171875 0.017578125 0.013671875
0 0.7998046875 0.2978515625 0.0126953125 0.0087890625
0 0.80859375 0.2607421875 0.0244140625 0.0146484375
0 0.6836453125 0.29912031250000004 0.67758125 0.29669375 0.6699 0.3070546875 0.6755593750000001 0.31084375000000003 0.6836453125 0.29912031250000004
0 0.6771765625 0.29790781250000004 0.6664625000000001 0.2936625 0.6573671875 0.30280937500000005 0.6664625000000001 0.3100359375 0.6771765625 0.29790781250000004
0 0.6248218750000001 0.290428125 0.62340625 0.2960875 0.63755625 0.2999796875 0.6369500000000001 0.290225 0.6248218750000001 0.290428125
0 0.6264390625 0.285171875 0.6359390625 0.285171875 0.6367484375000001 0.2785015625 0.6264390625 0.278703125 0.6264390625 0.285171875
0 0.65575 0.2728421875 0.6537281250000001 0.2835546875 0.6610046875000001 0.2856265625 0.65999375 0.2740546875 0.65575 0.2728421875
0 0.6844531250000001 0.2720328125 0.674953125 0.269203125 0.674953125 0.2868390625 0.6864750000000001 0.28678906249999997 0.6844531250000001 0.2720328125
0 0.6603984375 0.27304375 0.6610046875000001 0.2835546875 0.66706875 0.284009375 0.667271875 0.27344843750000003 0.6603984375 0.27304375
0 0.712890625 0.2470703125 0.015625 0.0029296875
0 0.712890625 0.26171875 0.009765625 0.005859375
0 0.7666015625 0.265625 0.015625 0.0087890625
0 0.1567734375 0.2397125 0.15170625000000001 0.2384453125 0.14695468750000001 0.24656093750000002 0.15360625000000003 0.24778906250000002 0.1567734375 0.2397125
0 0.5234375 0.1904296875 0.0078125 0.013671875
0 0.51171875 0.1884765625 0.0087890625 0.01171875
0 0.49609375 0.1923828125 0.0126953125 0.0048828125
0 0.4580078125 0.1826171875 0.0234375 0.0029296875
0 0.431640625 0.1806640625 0.015625 0.0087890625