0 0.3095703125 0.939453125 0.083984375 0.05859375
0 0.7138671875 0.955078125 0.041015625 0.0419921875
0 0.8965109375000001 0.7838828125 0.88765625 0.780990625 0.880246875 0.790975 0.88765625 0.7950859375000001 0.8965109375000001 0.7838828125
0 0.9046421875 0.7878578125 0.89596875 0.7851468750000001 0.8905468750000001 0.7973 0.894703125 0.801953125 0.9046421875 0.7878578125
0 0.9066312500000001 0.7925562500000001 0.9039203125 0.789665625 0.89615 0.8021796875 0.9003062500000001 0.80321875 0.9066312500000001 0.7925562500000001
0 0.9400625 0.7752078125 0.94024375 0.7690640625 0.9333765625 0.7674375000000001 0.9257859375000002 0.7826625 0.9294000000000001 0.7864125 0.9400625 0.7752078125
0 0.9561453125 0.7618359375 0.9586765625 0.7511734375 0.9375328125 0.7519421875000001 0.93789375 0.7638234375 0.9561453125 0.7618359375
0 0.9512671875 0.7800875 0.9476531250000001 0.770509375 0.9380750000000001 0.7884453125 0.9418703125000001 0.7934593750000001 0.9512671875 0.7800875
0 0.9489171875000001 0.797075 0.9565078124999999 0.7840625000000001 0.9566875 0.7775578125 0.9530734375000001 0.778325 0.9436765625 0.7921953125000001 0.9489171875000001 0.797075
0 0.9581343750000001 0.7925562500000001 0.9680734375000001 0.795628125 0.9749390625000001 0.774665625 0.9738562500000001 0.7700125 0.9659046875 0.7734015625 0.9581343750000001 0.7925562500000001
0 0.9676578125000002 0.7927109375 0.974040625 0.796540625 0.9806359375 0.7842015625000001 0.9778703125 0.7742546875 0.9742531250000002 0.7776046875 0.9676578125000002 0.7927109375
0 0.803440625 0.8653000000000001 0.791759375 0.8567343749999999 0.7863078125 0.8620390625000001 0.7972109375 0.87075 0.803440625 0.8653000000000001
0 0.8077234375 0.859459375 0.79506875 0.849725 0.7921484375000001 0.853278125 0.8018828125000002 0.8645203125 0.8077234375 0.859459375
0 0.8151203125 0.850503125 0.8011046875000001 0.8403812500000001 0.7977953125 0.8472437500000001 0.810059375 0.8577062500000001 0.8151203125 0.850503125
0 0.82135 0.8421328125 0.8110328125000001 0.8355140625000002 0.8059703125000001 0.8384828125000001 0.8170671875000001 0.847584375 0.82135 0.8421328125