0 0.7578125 0.05078125 0.76953125 0.0546875 0.78125 0.0546875 0.779296875 0.068359375 0.76953125 0.068359375 0.763671875 0.0625 0.751953125 0.060546875 0.75 0.0546875 0.755859375 0.05078125
0 0.697265625 0.046875 0.703125 0.046875 0.703125 0.06640625 0.697265625 0.076171875 0.693359375 0.072265625 0.693359375 0.0625 0.697265625 0.048828125
0 0.634765625 0.04296875 0.65625 0.046875 0.65625 0.052734375 0.650390625 0.0546875 0.6484375 0.052734375 0.640625 0.052734375 0.634765625 0.044921875
0 0.990234375 0.115234375 0.0185546875 0.037109375
0 0.98828125 0.05078125 0.998046875 0.048828125 0.998046875 0.060546875 0.9921875 0.060546875 0.986328125 0.0546875 0.98828125 0.052734375
0 0.7913546875 0.08654531250000001 0.8007046875000001 0.09081406250000001 0.802940625 0.080040625 0.7944031250000001 0.0786171875 0.7913546875 0.08654531250000001
0 0.811478125 0.08105625 0.8051765625 0.07983593750000001 0.8027375 0.0912703125 0.8102593750000001 0.09162656250000001 0.811478125 0.08105625
0 0.8198124999999999 0.0836984375 0.8137140625000001 0.08186875 0.8120875000000001 0.093303125 0.8183890625000001 0.09386250000000002 0.8198124999999999 0.0836984375
0 0.8277406250000001 0.0845125 0.8212359375 0.08512187500000001 0.8208296875000001 0.09533593750000001 0.8257078125 0.09609843750000001 0.8277406250000001 0.0845125
0 0.8342453125000001 0.0875609375 0.8299765625 0.08593437500000001 0.8255046875000001 0.09691250000000001 0.8314 0.09813125 0.8342453125000001 0.0875609375
0 0.8600609375 0.09000000000000001 0.84501875 0.0891875 0.8470515625000001 0.09736875 0.8600609375 0.098334375 0.8600609375 0.09000000000000001
0 0.8133078125000002 0.11662968750000001 0.8141203125 0.1082953125 0.81086875 0.10529687500000001 0.8072093750000001 0.1156140625 0.8133078125000002 0.11662968750000001
0 0.7976562500000001 0.1186625 0.7917609375 0.1160203125 0.7860687500000001 0.127809375 0.7937937500000001 0.1298421875 0.7976562500000001 0.1186625
0 0.8033468750000001 0.11845937499999999 0.7984687500000001 0.11785000000000001 0.7937937500000001 0.130453125 0.7942 0.1303 0.798671875 0.1326890625 0.8033468750000001 0.11845937499999999
0 0.802940625 0.11906875 0.7984687500000001 0.130453125 0.8047703125000001 0.1325359375 0.8070062500000001 0.12089843750000001 0.802940625 0.11906875
0 0.811478125 0.1215078125 0.8084296875 0.12008593750000002 0.8053796875 0.1330953125 0.805990625 0.1329421875 0.8092421875 0.1335015625 0.811478125 0.1215078125
0 0.81635625 0.12211875000000001 0.8100546875 0.12069531250000001 0.8104625000000001 0.13451875 0.8137140625000001 0.13512812500000002 0.81635625 0.12211875000000001
0 0.8222515625 0.12557343750000002 0.8167640625000001 0.1245578125 0.81554375 0.13512812500000002 0.819 0.13655 0.8222515625 0.12557343750000002
0 0.818796875 0.11093750000000001 0.816153125 0.1082953125 0.8135109375000001 0.110328125 0.8129015625 0.11586718750000001 0.819203125 0.1172390625 0.818796875 0.11093750000000001
0 0.7803765625 0.028407812500000004 0.7822062500000001 0.019464062500000004 0.773465625 0.0191078125 0.7720421875000001 0.026578125000000005 0.7803765625 0.028407812500000004
0 0.6553625000000001 0.0460921875 0.6569890625000001 0.039995312500000005 0.6336109375000001 0.032067187500000004 0.62629375 0.0321171875 0.62629375 0.0371484375 0.6553625000000001 0.0460921875
0 0.6478406250000001 0.07475468750000001 0.6492640625 0.068453125 0.6325953125 0.066471875 0.6325953125 0.0737390625 0.6478406250000001 0.07475468750000001
0 0.6321890625000001 0.0625578125 0.652515625 0.06784375000000001 0.6535328125000001 0.059559375000000005 0.6327984375 0.0570703125 0.6321890625000001 0.0625578125
0 0.6506875000000001 0.090203125 0.650484375 0.0954890625 0.6614609375 0.0965046875 0.6614609375 0.09122031250000001 0.6506875000000001 0.090203125
0 0.65625 0.087890625 0.013671875 0.0029296875
0 0.6591796875 0.08203125 0.013671875 0.0078125
0 0.6611328125 0.0751953125 0.0146484375 0.005859375
0 0.6650390625 0.05859375 0.0107421875 0.0078125
0 0.6689453125 0.0478515625 0.0146484375 0.0048828125
0 0.7158203125 0.0732421875 0.025390625 0.0107421875
0 0.712890625 0.0810546875 0.0185546875 0.0087890625
0 0.702115625 0.0784140625 0.6996765625000001 0.0861375 0.7204109375000001 0.0918296875 0.7212234375000001 0.08552812500000001 0.702115625 0.0784140625
0 0.7126859375000001 0.0950828125 0.6976437500000001 0.09162656250000001 0.698253125 0.0985890625 0.71085625 0.09955468750000002 0.7126859375000001 0.0950828125
0 0.6988640625000001 0.09874062500000001 0.6950015625 0.10321406250000001 0.7118734375 0.10895625 0.7134984375000001 0.10179062500000001 0.6988640625000001 0.09874062500000001
0 0.6960171875000001 0.1046359375 0.694390625 0.10870156250000002 0.7069937500000001 0.1146484375 0.7086203125 0.106871875 0.6960171875000001 0.1046359375
0 0.759846875 0.10016406250000001 0.7608625 0.0946765625 0.7382984375000001 0.088628125 0.7368765625 0.09691250000000001 0.759846875 0.10016406250000001
0 0.7635046875 0.092846875 0.764521875 0.08695156250000001 0.7486656250000001 0.08212343750000001 0.7484625 0.0904078125 0.7635046875 0.092846875
0 0.7610656250000001 0.10748281250000001 0.7620828125000001 0.10077343750000001 0.7421609375 0.0985890625 0.7409421875 0.1046359375 0.7610656250000001 0.10748281250000001
0 0.7553734375000001 0.11662968750000001 0.7574062500000001 0.109515625 0.7378921875 0.10448437500000002 0.7372828125 0.11276718750000002 0.7553734375000001 0.11662968750000001
0 0.7553734375000001 0.126590625 0.756796875 0.1174421875 0.7385015625000001 0.11424062500000001 0.7372828125 0.121915625 0.7553734375000001 0.126590625
0 0.7655375000000001 0.122525 0.759846875 0.12272812500000002 0.7592359375000001 0.1272 0.76818125 0.1288265625 0.7655375000000001 0.122525
0 0.7752953125000001 0.10971875 0.7635046875 0.10748281250000001 0.7620828125000001 0.11281875 0.7720421875000001 0.114596875 0.7752953125000001 0.10971875
0 0.7799703125 0.08857812500000001 0.7663515625 0.08695156250000001 0.7665546875000001 0.0912703125 0.778140625 0.09447187500000001 0.7799703125 0.08857812500000001
0 0.7710265625 0.071503125 0.7702125 0.0749578125 0.7834265625 0.0784140625 0.7799703125 0.072315625 0.7710265625 0.071503125
0 0.6697953125 0.04304375 0.6752828125 0.0375546875 0.634628125 0.02291875 0.6273093750000001 0.024393750000000002 0.6293421875 0.029017187500000003 0.6697953125 0.04304375
0 0.41568437500000005 0.0168421875 0.4181796875 0.010354687500000001 0.3992171875 0.0084828125 0.40171250000000003 0.01584375 0.41568437500000005 0.0168421875
0 0.4346062500000001 0.0147390625 0.441975 0.00036875 0.4293421875 0 0.42850000000000005 0.005843750000000001 0.4346062500000001 0.0147390625
0 0.42576250000000004 0.0460609375 0.4306046875 0.047956250000000006 0.43607968750000003 0.03026875 0.42955156250000004 0.020003125 0.427025 0.0271109375 0.42576250000000004 0.0460609375