0 0.771484375 0.21484375 0.7734375 0.21484375 0.775390625 0.220703125 0.7734375 0.22265625 0.7734375 0.232421875 0.76953125 0.240234375 0.765625 0.23828125 0.765625 0.23046875 0.771484375 0.216796875
0 0.412109375 0.109375 0.419921875 0.107421875 0.427734375 0.111328125 0.427734375 0.123046875 0.416015625 0.12109375 0.412109375 0.1171875 0.412109375 0.111328125
0 0.740234375 0.009765625 0.744140625 0.009765625 0.748046875 0.013671875 0.74609375 0.015625 0.74609375 0.0234375 0.740234375 0.03515625 0.73828125 0.052734375 0.734375 0.0546875 0.73046875 0.052734375 0.734375 0.041015625 0.734375 0.025390625 0.740234375 0.01171875
0 0.748046875 0.0361328125 0.0185546875 0.046875
0 0.67578125 0.017578125 0.685546875 0.0234375 0.701171875 0.0390625 0.701171875 0.04296875 0.70703125 0.052734375 0.701171875 0.052734375 0.693359375 0.044921875 0.6875 0.04296875 0.681640625 0.037109375 0.6796875 0.03125 0.673828125 0.02734375 0.671875 0.0234375 0.671875 0.01953125 0.673828125 0.01953125
0 0.73046875 0.0078125 0.734375 0.005859375 0.73828125 0.0078125 0.73828125 0.013671875 0.734375 0.01953125 0.73046875 0.048828125 0.724609375 0.0546875 0.71875 0.052734375 0.71875 0.044921875 0.72265625 0.037109375 0.7265625 0.015625 0.73046875 0.009765625
0 0.310546875 0.0234375 0.31640625 0.025390625 0.326171875 0.033203125 0.3203125 0.037109375 0.302734375 0.037109375 0.298828125 0.033203125 0.298828125 0.025390625 0.30859375 0.0234375
0 0.65625 0.09765625 0.662109375 0.09765625 0.671875 0.12109375 0.671875 0.130859375 0.669921875 0.1328125 0.6640625 0.1328125 0.662109375 0.130859375 0.65625 0.12109375 0.65625 0.109375 0.654296875 0.107421875 0.654296875 0.1015625 0.65625 0.099609375
0 0.46875 0.07421875 0.4765625 0.078125 0.490234375 0.078125 0.513671875 0.0859375 0.521484375 0.0859375 0.529296875 0.091796875 0.529296875 0.095703125 0.525390625 0.09765625 0.5078125 0.09765625 0.505859375 0.095703125 0.5 0.095703125 0.49609375 0.091796875 0.484375 0.091796875 0.478515625 0.087890625 0.46875 0.087890625 0.466796875 0.083984375 0.466796875 0.078125 0.46875 0.076171875
0 0.431640625 0.05078125 0.439453125 0.0546875 0.4453125 0.052734375 0.447265625 0.0546875 0.453125 0.0546875 0.44921875 0.068359375 0.4453125 0.068359375 0.435546875 0.0625 0.423828125 0.060546875 0.421875 0.0546875 0.4296875 0.05078125
0 0.767578125 0.0078125 0.771484375 0.015625 0.771484375 0.025390625 0.76953125 0.02734375 0.76953125 0.037109375 0.765625 0.046875 0.763671875 0.060546875 0.7578125 0.060546875 0.75390625 0.0546875 0.7578125 0.044921875 0.759765625 0.021484375 0.765625 0.009765625
0 0.71875 0.021484375 0.72265625 0.0234375 0.720703125 0.037109375 0.716796875 0.044921875 0.716796875 0.052734375 0.7109375 0.052734375 0.7109375 0.0390625 0.71875 0.0234375
0 0.369140625 0.046875 0.375 0.046875 0.375 0.060546875 0.373046875 0.0625 0.37109375 0.076171875 0.365234375 0.07421875 0.365234375 0.0625 0.369140625 0.048828125
0 0.6875 0.1484375 0.6875 0.138671875 0.693359375 0.130859375 0.697265625 0.119140625 0.703125 0.115234375 0.705078125 0.115234375 0.705078125 0.12109375 0.701171875 0.126953125 0.69921875 0.13671875 0.693359375 0.146484375 0.689453125 0.1484375
0 0.923828125 0.046875 0.935546875 0.046875 0.935546875 0.0546875 0.92578125 0.0546875 0.921875 0.05078125 0.923828125 0.048828125
0 0.337890625 0.044921875 0.341796875 0.046875 0.341796875 0.0546875 0.337890625 0.05859375 0.330078125 0.0546875 0.330078125 0.048828125 0.3359375 0.044921875
0 0.3125 0.05859375 0.326171875 0.0625 0.326171875 0.068359375 0.318359375 0.07421875 0.306640625 0.072265625 0.296875 0.06640625 0.296875 0.0625 0.30078125 0.0625 0.3046875 0.05859375 0.310546875 0.05859375
0 0.326171875 0.044921875 0.328125 0.046875 0.328125 0.052734375 0.326171875 0.0546875 0.3125 0.052734375 0.306640625 0.048828125 0.30859375 0.04296875 0.32421875 0.044921875
0 0.927734375 0.0078125 0.9296875 0.009765625 0.935546875 0.009765625 0.9375 0.013671875 0.935546875 0.01953125 0.923828125 0.01953125 0.912109375 0.01171875 0.919921875 0.0078125 0.92578125 0.0078125
0 0.3359375 0.0791796875 0.33718750000000003 0.0744921875 0.3275 0.07234375 0.32656250000000003 0.07808593750000001 0.3359375 0.0791796875
0 0.335 0.08511718750000001 0.33734375000000005 0.08121093750000001 0.32656250000000003 0.07906250000000001 0.32546875000000003 0.0835546875 0.335 0.08511718750000001
0 0.33296875000000004 0.0938671875 0.33296875000000004 0.0908984375 0.3228125 0.08890625 0.32421875 0.09699218750000001 0.33296875000000004 0.0938671875
0 0.3978125 0.0757421875 0.39890625 0.0693359375 0.379375 0.061875000000000006 0.37578125 0.0679296875 0.3978125 0.0757421875
0 0.395625 0.0808984375 0.39687500000000003 0.0752734375 0.3775 0.06796875000000001 0.3765625 0.0743359375 0.395625 0.0808984375
0 0.3925 0.08574218750000001 0.395 0.08042968750000001 0.37562500000000004 0.0728125 0.37312500000000004 0.0785546875 0.3925 0.08574218750000001
0 0.39031250000000006 0.0902734375 0.39140625 0.08652343750000001 0.37390625000000005 0.07828125000000001 0.37140625 0.08324218750000001 0.39031250000000006 0.0902734375
0 0.38390625 0.1016796875 0.38421875000000005 0.09605468750000001 0.3715625 0.091875 0.3696875 0.0965234375 0.38390625 0.1016796875
0 0.38406250000000003 0.1085546875 0.38625 0.10230468749999999 0.37000000000000005 0.0987109375 0.36734375 0.10433593750000002 0.38406250000000003 0.1085546875
0 0.38265625000000003 0.11386718750000001 0.38328125 0.1073046875 0.36859375000000005 0.10312500000000001 0.36484375 0.11058593750000001 0.38265625000000003 0.11386718750000001
0 0.43234375 0.1030859375 0.41859375 0.09621093750000001 0.41578125000000005 0.1005859375 0.42890625000000004 0.1073046875 0.43234375 0.1030859375
0 0.43125 0.1015234375 0.43328125000000006 0.0948046875 0.414375 0.0874609375 0.41328125000000004 0.0871875 0.40937500000000004 0.09496093750000001 0.43125 0.1015234375
0 0.43578125 0.0938671875 0.43796875 0.0888671875 0.42234375 0.08265625 0.41656250000000006 0.0879296875 0.43578125 0.0938671875
0 0.4415625000000001 0.0699609375 0.4415625000000001 0.07808593750000001 0.45265625 0.07703125 0.45265625 0.0718359375 0.4415625000000001 0.0699609375
0 0.44000000000000006 0.08511718750000001 0.4376562500000001 0.09074218750000002 0.45093750000000005 0.09593750000000001 0.45265625 0.08964843750000001 0.44000000000000006 0.08511718750000001
0 0.44796875 0.1094921875 0.4346875 0.1065234375 0.4334375 0.11375 0.44500000000000006 0.11605468750000002 0.44796875 0.1094921875
0 0.47078125000000004 0.10042968750000002 0.46390624999999996 0.10089843750000001 0.46015625000000004 0.111875 0.47296875 0.1133984375 0.47078125000000004 0.10042968750000002
0 0.485 0.10605468750000001 0.48015625000000006 0.1057421875 0.48046875 0.11546875000000001 0.484375 0.1166796875 0.485 0.10605468750000001
0 0.48734374999999996 0.1068359375 0.4845312500000001 0.11777343750000001 0.49000000000000005 0.118125 0.49015625 0.1073046875 0.48734374999999996 0.1068359375
0 0.494375 0.10746093750000002 0.4909375 0.10746093750000002 0.49109375000000005 0.11921875 0.49546875000000007 0.1190234375 0.494375 0.10746093750000002
0 0.46859375 0.1171484375 0.46421875000000007 0.1154296875 0.45984375000000005 0.12828124999999999 0.465625 0.1290234375 0.46859375 0.1171484375
0 0.47390625000000003 0.1193359375 0.46968750000000004 0.1166796875 0.46718750000000003 0.1307421875 0.46781249999999996 0.1302734375 0.4709375 0.1305859375 0.47390625000000003 0.1193359375
0 0.47796875 0.1185546875 0.4728125000000001 0.11699218750000001 0.470625 0.13125 0.47578125000000004 0.1313671875 0.47796875 0.1185546875
0 0.48359375000000004 0.12089843750000001 0.47828125000000005 0.11964843750000001 0.4771875 0.13203125000000002 0.4809375 0.1318359375 0.48359375000000004 0.12089843750000001
0 0.48828125 0.12167968750000001 0.48484375 0.1210546875 0.48078125 0.13203125000000002 0.48625 0.13371093750000002 0.48828125 0.12167968750000001
0 0.49468750000000006 0.1249609375 0.48875 0.12433593750000001 0.48609375000000005 0.13328125 0.49203125 0.13605468750000002 0.49468750000000006 0.1249609375
0 0.20109375 0.0760546875 0.205 0.07542968750000001 0.20875 0.0574609375 0.205 0.05140625 0.2015625 0.060273437500000006 0.20109375 0.0760546875
0 0.0967015625 0.048412500000000004 0.10625000000000001 0.046943750000000006 0.10673906250000001 0.023440625000000003 0.1008640625 0.019279687500000003 0.097925 0.0324984375 0.0967015625 0.048412500000000004
0 0.10771875 0.012914062500000002 0.1126140625 0 0.101353125 0.00024531250000000003 0.10380156250000001 0.013403125 0.10771875 0.012914062500000002
0 0.07442343750000001 0.008507812500000001 0.071240625 0.014871875000000001 0.08764375 0.018115625 0.0881328125 0.00973125 0.07442343750000001 0.008507812500000001
0 0.061203125000000004 0.02270625 0.0614484375 0.026868750000000004 0.08225781250000001 0.030601562500000002 0.0793203125 0.024665625 0.061203125000000004 0.02270625
0 0.5139312500000001 0.13215 0.5155421875 0.12463750000000001 0.49944218749999997 0.12020937500000001 0.4978328125 0.1282140625 0.5139312500000001 0.13215
0 0.7006453125000001 0.1896234375 0.7294359375 0.1979640625 0.7332031250000001 0.1878078125 0.7003765625 0.1839734375 0.7006453125000001 0.1896234375
0 0.7224406250000001 0.20469062500000001 0.7235156250000001 0.19608125 0.696878125 0.19184375 0.696878125 0.19984843750000003 0.7224406250000001 0.20469062500000001
0 0.7482703125 0.214915625 0.7506921875 0.198503125 0.739390625 0.1977625 0.738853125 0.214378125 0.7482703125 0.214915625
0 0.8158062500000001 0.2262171875 0.8190343750000001 0.2184140625 0.808271875 0.2157234375 0.8053125 0.2267546875 0.8158062500000001 0.2262171875
0 0.8193359375 0.2275390625 0.0087890625 0.0107421875
0 0.8349609375 0.2255859375 0.0107421875 0.013671875
0 0.861328125 0.2197265625 0.0126953125 0.0126953125
0 0.8759765625 0.248046875 0.0087890625 0.015625
0 0.890625 0.234375 0.009765625 0.0205078125
0 0.923828125 0.1865234375 0.0126953125 0.017578125
0 0.44921875 0.0205078125 0.015625 0.0224609375
0 0.2685546875 0.08984375 0.015625 0.013671875