0 0.9827718750000001 0.047275000000000005 0.9843734375000001 0.041559375 0.9546468750000001 0.0313265625 0.9521312500000001 0.035842187500000004 0.9827718750000001 0.047275000000000005
0 0.9823140625000001 0.056878125 0.9820859375 0.048875 0.9603640625000001 0.043901562500000005 0.9587625 0.0477328125 0.9823140625000001 0.056878125
0 0.9781984375000001 0.06693906250000001 0.9795703124999999 0.06168125 0.9603640625000001 0.05579218750000001 0.95601875 0.063509375 0.9781984375000001 0.06693906250000001
0 0.9736250000000001 0.07036875000000001 0.9576203125 0.066025 0.9571624999999999 0.0729421875 0.97316875 0.075628125 0.9736250000000001 0.07036875000000001
0 0.9665374999999999 0.023265625 0.95441875 0.0225796875 0.9525890625000001 0.026009375 0.981628125 0.037728125 0.986659375 0.032184375 0.9665374999999999 0.023265625
0 0.9984375000000001 0.053220312500000005 0.9984375000000001 0.0468171875 0.9889453125 0.042987500000000005 0.9864312500000001 0.051848437500000004 0.9984375000000001 0.053220312500000005
0 0.99740625 0.05825 0.9868874999999999 0.0541921875 0.9855156250000001 0.060079687500000006 0.99740625 0.05825
0 0.9955765625 0.0774578125 0.9942046875000001 0.07265625 0.9807140625000001 0.0720265625 0.980028125 0.07837187500000001 0.9955765625 0.0774578125
0 0.99191875 0.08454687500000001 0.9930609375 0.07974375 0.9804859375 0.07865781250000001 0.9798 0.08203125 0.99191875 0.08454687500000001
0 0.99191875 0.088890625 0.9914609375 0.08614687500000001 0.978884375 0.08591875 0.978428125 0.0882046875 0.99191875 0.088890625
0 0.987803125 0.09529375000000001 0.9894031249999999 0.09140625000000001 0.9770562500000001 0.0919203125 0.9779703125 0.095521875 0.987803125 0.09529375000000001
0 0.9984375000000001 0.040185937500000005 0.9984375000000001 0.035842187500000004 0.9907750000000001 0.031554687500000005 0.9884890625000001 0.0372140625 0.9984375000000001 0.040185937500000005
0 0.72553125 0.013890625000000002 0.741309375 0.0173203125 0.7440531250000001 0.009375000000000001 0.725303125 0.0090890625 0.72553125 0.013890625000000002
0 0.7163859375000001 0.023951562500000002 0.7152421875 0.026925 0.7342203125000001 0.029496875000000002 0.731934375 0.023037500000000002 0.7163859375000001 0.023951562500000002
0 0.7666906250000001 0.013490625000000001 0.7712640625 0 0.7534281250000001 0 0.7552578125 0.013204687500000001 0.7666906250000001 0.013490625000000001
0 0.8647921875 0.07569218750000001 0.8675312500000001 0.0610859375 0.85870625 0.0541640625 0.8541421874999999 0.07477968750000001 0.8647921875 0.07569218750000001
0 0.752509375 0.047393750000000005 0.7589000000000001 0.047696875 0.7631593750000001 0.028831250000000003 0.7576828125 0.0216046875 0.75403125 0.026701562499999998 0.752509375 0.047393750000000005