0 0.22186875000000003 0.4813625 0.231090625 0.480390625 0.23448750000000002 0.46291250000000006 0.22708125 0.4629578125 0.2262375 0.4638828125 0.22186875000000003 0.4813625
0 0.2262 0.6109093750000001 0.23320156250000001 0.60316875 0.22693750000000001 0.5976390625 0.21993593749999998 0.6061171875000001 0.2262 0.6109093750000001
0 0.2685765625 0.54750625 0.274103125 0.539765625 0.2677328125 0.5371703125 0.2637859375 0.5434515625 0.2685765625 0.54750625
0 0.2634171875 0.48963124999999996 0.27115625 0.482996875 0.26483125 0.47831875000000007 0.2586265625 0.4859453125 0.2634171875 0.48963124999999996
0 0.32348125 0.5217015625 0.3290078125 0.5161734375 0.32244062500000004 0.51023125 0.31500625000000004 0.517646875 0.32348125 0.5217015625
0 0.3083734375 0.5703609375 0.31500625000000004 0.563725 0.31000625000000004 0.5587203125000001 0.3032140625 0.566675 0.3083734375 0.5703609375
0 0.23836093749999998 0.6787375 0.25346875 0.6702593750000001 0.248678125 0.6650984375000001 0.2370640625 0.6722796875000001 0.23467500000000002 0.6757890625 0.23836093749999998 0.6787375
0 0.5172765625000001 0.618271875 0.523540625 0.609425 0.5172296875 0.6059671875000001 0.5106437500000001 0.6145859375 0.5172765625000001 0.618271875
0 0.18631093750000002 0.761878125 0.18226875 0.7518750000000001 0.17801406250000001 0.7577812500000001 0.1805671875 0.7646437500000001 0.18631093750000002 0.761878125
0 0.168228125 0.7689 0.1646109375 0.7610265625000001 0.162940625 0.7635234375 0.1650375 0.7710281250000001 0.168228125 0.7689
0 0.17205781250000002 0.766346875 0.168228125 0.75975 0.16676875000000002 0.761609375 0.16907968750000002 0.7674109375 0.17205781250000002 0.766346875
0 0.16099531250000002 0.7718796875 0.15695312500000003 0.76443125 0.15504375 0.7663953125 0.15695312500000003 0.77315625 0.16099531250000002 0.7718796875
0 0.153975 0.7742203125 0.157165625 0.77336875 0.1538484375 0.7663953125 0.14993281249999998 0.7674109375 0.153975 0.7742203125
0 0.15525156250000002 0.7740078125000001 0.1497203125 0.7676234375000001 0.14810625 0.7692656250000001 0.151209375 0.7759234375 0.15525156250000002 0.7740078125000001
0 0.15163437500000002 0.7759234375 0.1490828125 0.7701765625000001 0.1471484375 0.7721375 0.14801875 0.777625 0.15163437500000002 0.7759234375
0 0.17014218750000001 0.7314453125 0.1650375 0.7231453125 0.16222187500000002 0.72571875 0.16758906250000002 0.7335734375 0.17014218750000001 0.7314453125
0 0.174609375 0.7291046875 0.17035468750000002 0.7218687500000001 0.1669515625 0.7239968750000001 0.17120625 0.7297421875000001 0.174609375 0.7291046875
0 0.20141406250000002 0.7550671875 0.1958828125 0.7442140625000001 0.19375625000000002 0.74740625 0.1977984375 0.7563437500000001 0.20141406250000002 0.7550671875
0 0.491253125 0.35104375000000004 0.49350937500000003 0.3445984375 0.47283281250000003 0.3402625 0.47160312500000007 0.35394375 0.491253125 0.35104375000000004
0 0.43262343750000004 0.385525 0.43423437500000006 0.3790796875 0.43007812500000003 0.371421875 0.4281140625 0.3835921875 0.43262343750000004 0.385525
0 0.3984765625 0.4638359375000001 0.401053125 0.4564250000000001 0.39565781250000004 0.450409375 0.3923546875 0.4602921875 0.3984765625 0.4638359375000001
0 0.49511875 0.28208125 0.49286406250000003 0.277246875 0.47754375 0.27613125 0.4777234375 0.2830484375 0.49511875 0.28208125
0 0.4506640625 0.2295640625 0.4574281250000001 0.2192515625 0.41558593750000006 0.2087390625 0.41490625000000003 0.21828593750000003 0.4506640625 0.2295640625
0 0.3649734375 0.27919375 0.36400625000000003 0.271459375 0.35109218750000004 0.270696875 0.3501546875 0.27919375 0.3649734375 0.27919375
0 0.6555828125000001 0.2200859375 0.65848125 0.2146078125 0.6402265625000001 0.21163750000000003 0.6414078125 0.22040781250000002 0.6555828125000001 0.2200859375
0 0.1358578125 0.146865625 0.142240625 0.13296875 0.11783593750000002 0.130715625 0.10694843750000001 0.131090625 0.10219062500000001 0.1326421875 0.1152078125 0.1419828125 0.1358578125 0.146865625
0 0.3535609375 0.085725 0.35402187500000004 0.08111562500000001 0.33212656250000006 0.078009375 0.33075625000000003 0.08226875 0.3535609375 0.085725
0 0.18677812500000002 0.03795156250000001 0.1869234375 0.027007812500000002 0.182403125 0.0227765625 0.17919375 0.026423437500000004 0.17977656250000001 0.0388265625 0.18677812500000002 0.03795156250000001
0 0.1603453125 0.08025312500000001 0.1607828125 0.06930937499999999 0.1555203125 0.0700671875 0.15626093750000003 0.08069062500000002 0.1603453125 0.08025312500000001
0 0.320496875 0.036953124999999996 0.321321875 0.033321875 0.30985937500000005 0.032304687500000005 0.31010312500000003 0.0366234375 0.320496875 0.036953124999999996
0 0.359078125 0.063284375 0.359078125 0.055001562500000004 0.3405703125 0.055001562500000004 0.3389109375 0.05534843750000001 0.339271875 0.063446875 0.359078125 0.063284375
0 0.200778125 0.03765625 0.20020156249999999 0.027285937500000003 0.19540156250000001 0.0276609375 0.19501875000000002 0.038807812500000004 0.200778125 0.03765625
0 0.17041562500000002 0.038807812500000004 0.16868906250000001 0.026132812500000005 0.163878125 0.028956250000000003 0.16388906250000002 0.0391921875 0.17041562500000002 0.038807812500000004
0 0.3074015625 0.0214609375 0.30604062500000007 0.014998437500000001 0.29615 0.015125 0.296521875 0.0218 0.3074015625 0.0214609375
0 0.305021875 0.029453125000000004 0.30519218750000005 0.022990625 0.29615 0.023537500000000003 0.29669218750000004 0.029112500000000003 0.305021875 0.029453125000000004