0 0.0400390625 0.447265625 0.0576171875 0.0205078125
0 0.1630859375 0.521484375 0.048828125 0.0205078125
0 0.2353515625 0.55078125 0.0537109375 0.029296875
0 0.3564453125 0.5888671875 0.021484375 0.0107421875
0 0.369140625 0.6142578125 0.05078125 0.013671875
0 0.5078125 0.509765625 0.02734375 0.01953125
0 0.5400390625 0.44921875 0.0146484375 0.021484375
0 0.771484375 0.5 0.021484375 0.021484375
0 0.822265625 0.3935546875 0.005859375 0.021484375
0 0.828125 0.3935546875 0.0009765625 0.021484375
0 0.837890625 0.3935546875 0.0107421875 0.0166015625
0 0.8154296875 0.458984375 0.0361328125 0.0166015625
0 0.8818359375 0.830078125 0.0380859375 0.0390625
0 0.921875 0.845703125 0.0107421875 0.029296875
0 0.9794921875 0.87890625 0.0302734375 0.0126953125
0 0.9208984375 0.90625 0.0234375 0.01953125
0 0.9638671875 0.927734375 0.0322265625 0.0166015625
0 0.8837890625 0.966796875 0.0185546875 0.0263671875
0 0.541015625 0.6279296875 0.0146484375 0.025390625
0 0.4560546875 0.6416015625 0.0380859375 0.0146484375
0 0.3037109375 0.6494140625 0.0185546875 0.0126953125
0 0.302734375 0.6708984375 0.015625 0.0087890625
0 0.322265625 0.6513671875 0.0126953125 0.0107421875
0 0.3203125 0.666015625 0.015625 0.0087890625
0 0.3212890625 0.67578125 0.0166015625 0.009765625
0 0.2607421875 0.6337890625 0.025390625 0.0087890625
0 0.26171875 0.64453125 0.0224609375 0.0087890625
0 0.005859375 0.6064453125 0.0107421875 0.041015625
0 0.259765625 0.392578125 0.0224609375 0.025390625