0 0.201171875 0.44921875 0.205078125 0.453125 0.208984375 0.453125 0.212890625 0.458984375 0.21875 0.4609375 0.224609375 0.4609375 0.2265625 0.45703125 0.23828125 0.458984375 0.244140625 0.453125 0.2578125 0.451171875 0.265625 0.447265625 0.26953125 0.44921875 0.294921875 0.44921875 0.298828125 0.4609375 0.294921875 0.470703125 0.283203125 0.4765625 0.275390625 0.474609375 0.263671875 0.482421875 0.244140625 0.48046875 0.234375 0.47265625 0.21484375 0.474609375 0.208984375 0.466796875 0.201171875 0.4765625 0.1875 0.4765625 0.185546875 0.474609375 0.1875 0.453125 0.1953125 0.447265625 0.19921875 0.44921875
0 0.666015625 0.18359375 0.66796875 0.185546875 0.669921875 0.18359375 0.67578125 0.185546875 0.689453125 0.1953125 0.701171875 0.1953125 0.71875 0.203125 0.744140625 0.205078125 0.7578125 0.212890625 0.759765625 0.216796875 0.759765625 0.224609375 0.7578125 0.2265625 0.736328125 0.224609375 0.728515625 0.220703125 0.71875 0.220703125 0.70703125 0.216796875 0.6953125 0.216796875 0.689453125 0.212890625 0.681640625 0.212890625 0.677734375 0.208984375 0.66015625 0.20703125 0.654296875 0.201171875 0.650390625 0.201171875 0.6484375 0.1953125 0.650390625 0.193359375 0.650390625 0.1875 0.6640625 0.18359375
0 0.294921875 0.451171875 0.298828125 0.4609375 0.294921875 0.470703125 0.283203125 0.4765625 0.2734375 0.474609375 0.271484375 0.478515625 0.263671875 0.482421875 0.25 0.482421875 0.2421875 0.478515625 0.236328125 0.47265625 0.23828125 0.46484375 0.24609375 0.4609375 0.25 0.453125 0.2578125 0.453125 0.26171875 0.44921875 0.291015625 0.44921875 0.29296875 0.451171875
0 0 0.6015625 0.009765625 0.59375 0.013671875 0.59375 0.02734375 0.5859375 0.037109375 0.5859375 0.03515625 0.591796875 0.03125 0.591796875 0.029296875 0.595703125 0.025390625 0.595703125 0.021484375 0.599609375 0.015625 0.599609375 0.005859375 0.607421875 0 0.607421875 0 0.603515625
0 0.115234375 0.306640625 0.119140625 0.306640625 0.12109375 0.3125 0.12109375 0.333984375 0.1171875 0.3359375 0.11328125 0.326171875 0.11328125 0.310546875 0.115234375 0.30859375
0 0.787109375 0.201171875 0.787109375 0.212890625 0.7890625 0.21484375 0.796875 0.21875 0.806640625 0.21875 0.82421875 0.2265625 0.83984375 0.2265625 0.845703125 0.23046875 0.86328125 0.232421875 0.865234375 0.23046875 0.865234375 0.220703125 0.8671875 0.21875 0.873046875 0.21875 0.873046875 0.236328125 0.88671875 0.25 0.8828125 0.255859375 0.85546875 0.25390625 0.837890625 0.248046875 0.833984375 0.25 0.81640625 0.248046875 0.80859375 0.240234375 0.80078125 0.240234375 0.78515625 0.232421875 0.7734375 0.23046875 0.775390625 0.21875 0.78125 0.212890625 0.78125 0.203125 0.78515625 0.201171875
0 0.1229625 0.4420171875000001 0.1226734375 0.40064374999999997 0.1108109375 0.4004265625000001 0.10994375 0.438834375 0.1229625 0.4420171875000001
0 0.4852953125 0.16996875 0.48725781250000005 0.1647359375 0.4604421875 0.163509375 0.46207812500000006 0.17029531250000002 0.4852953125 0.16996875
0 0.7265625 0.51953125 0.00390625 0.0146484375
0 0.72678125 0.5108109375 0.7204312500000001 0.5076359375 0.7135046875 0.5186765624999999 0.7207203125000001 0.5214906250000001 0.72678125 0.5108109375
0 0.7233171875000001 0.5087906249999999 0.7163906250000001 0.507346875 0.7114828125 0.5177375 0.7163906250000001 0.5188921875 0.7233171875000001 0.5087906249999999
0 0.718121875 0.5064812500000001 0.7129265625000001 0.5061921875000001 0.706 0.51376875 0.7114828125 0.516871875 0.718121875 0.5064812500000001
0 0.781621875 0.6340578125 0.7700765625 0.6253984375 0.7686328125 0.63124375 0.7790234375 0.6389640625 0.781621875 0.6340578125