0 0.771484375 0.9375 0.775390625 0.939453125 0.7734375 0.958984375 0.771484375 0.9609375 0.765625 0.9609375 0.765625 0.953125 0.771484375 0.939453125
0 0.314453125 0.580078125 0.328125 0.5859375 0.333984375 0.5859375 0.33984375 0.59375 0.333984375 0.599609375 0.3203125 0.595703125 0.3046875 0.587890625 0.3046875 0.58203125 0.306640625 0.580078125 0.3125 0.580078125
0 0.65625 0.8203125 0.662109375 0.8203125 0.671875 0.84375 0.669921875 0.85546875 0.6640625 0.85546875 0.658203125 0.849609375 0.65625 0.8359375 0.654296875 0.833984375 0.654296875 0.82421875 0.65625 0.822265625
0 0.32421875 0.78515625 0.326171875 0.7890625 0.318359375 0.796875 0.30859375 0.796875 0.296875 0.7890625 0.3046875 0.78125 0.314453125 0.78125 0.322265625 0.78515625
0 0.75 0.736328125 0.755859375 0.736328125 0.7578125 0.7421875 0.755859375 0.74609375 0.75390625 0.77734375 0.751953125 0.779296875 0.7421875 0.779296875 0.740234375 0.775390625 0.7421875 0.7734375 0.7421875 0.7578125 0.74609375 0.751953125 0.75 0.73828125
0 0.69921875 0.83984375 0.705078125 0.837890625 0.701171875 0.85546875 0.693359375 0.8671875 0.693359375 0.87109375 0.6875 0.873046875 0.6875 0.859375 0.6953125 0.849609375 0.6953125 0.84375 0.69921875 0.841796875
0 0.423828125 0.775390625 0.4453125 0.775390625 0.453125 0.779296875 0.451171875 0.783203125 0.451171875 0.80859375 0.447265625 0.818359375 0.443359375 0.822265625 0.443359375 0.8359375 0.4375 0.841796875 0.435546875 0.8515625 0.4296875 0.8515625 0.4140625 0.841796875 0.412109375 0.837890625 0.416015625 0.828125 0.416015625 0.82421875 0.412109375 0.818359375 0.412109375 0.8125 0.41796875 0.8125 0.427734375 0.8046875 0.4296875 0.802734375 0.427734375 0.796875 0.435546875 0.791015625 0.43359375 0.787109375 0.427734375 0.787109375 0.423828125 0.783203125 0.423828125 0.77734375
0 0.943359375 0.390625 0.951171875 0.390625 0.951171875 0.39453125 0.9453125 0.396484375 0.94140625 0.39453125 0.943359375 0.392578125
0 0.71875 0.744140625 0.72265625 0.744140625 0.72265625 0.75 0.716796875 0.765625 0.716796875 0.77734375 0.7109375 0.77734375 0.7109375 0.76171875 0.71875 0.74609375
0 0.4208984375 0.83984375 0.0205078125 0.017578125
0 0.740234375 0.732421875 0.7421875 0.734375 0.748046875 0.734375 0.74609375 0.748046875 0.740234375 0.76171875 0.740234375 0.7734375 0.73828125 0.779296875 0.732421875 0.779296875 0.728515625 0.775390625 0.734375 0.7578125 0.736328125 0.7421875 0.740234375 0.734375
0 0.326171875 0.765625 0.330078125 0.771484375 0.328125 0.77734375 0.318359375 0.77734375 0.3046875 0.76953125 0.306640625 0.765625 0.32421875 0.765625
0 0.373046875 0.76953125 0.375 0.771484375 0.375 0.78515625 0.37109375 0.796875 0.365234375 0.798828125 0.3671875 0.7734375 0.37109375 0.771484375
0 0.9375 0.40625 0.939453125 0.408203125 0.939453125 0.4140625 0.935546875 0.41796875 0.935546875 0.423828125 0.931640625 0.42578125 0.927734375 0.421875 0.927734375 0.41796875 0.931640625 0.408203125 0.935546875 0.40625
0 0.330078125 0.7578125 0.341796875 0.7578125 0.34375 0.759765625 0.341796875 0.765625 0.333984375 0.765625 0.330078125 0.759765625
0 0.76953125 0.734375 0.771484375 0.736328125 0.771484375 0.748046875 0.76953125 0.75 0.76953125 0.759765625 0.767578125 0.76171875 0.763671875 0.783203125 0.7578125 0.783203125 0.755859375 0.771484375 0.7578125 0.76953125 0.759765625 0.744140625 0.76171875 0.73828125 0.767578125 0.734375
0 0.447265625 0.775390625 0.453125 0.779296875 0.44921875 0.791015625 0.439453125 0.787109375 0.4296875 0.787109375 0.421875 0.78125 0.42578125 0.7734375 0.4453125 0.775390625
0 0.310546875 0.748046875 0.3125 0.75 0.318359375 0.75 0.330078125 0.7578125 0.33984375 0.7578125 0.341796875 0.759765625 0.341796875 0.765625 0.333984375 0.765625 0.326171875 0.7734375 0.314453125 0.767578125 0.306640625 0.76953125 0.30078125 0.76171875 0.296875 0.755859375 0.296875 0.751953125 0.302734375 0.748046875 0.30859375 0.748046875
0 0.11328125 0.6953125 0.11328125 0.712890625 0.111328125 0.71484375 0.109375 0.728515625 0.10546875 0.734375 0.1015625 0.732421875 0.1015625 0.708984375 0.10546875 0.69921875 0.111328125 0.6953125
0 0.470703125 0.826171875 0.4765625 0.830078125 0.484375 0.830078125 0.49609375 0.8359375 0.49609375 0.8515625 0.4921875 0.857421875 0.484375 0.857421875 0.4609375 0.849609375 0.458984375 0.845703125 0.4609375 0.828125 0.46484375 0.82421875 0.46875 0.826171875
0 0.412109375 0.8125 0.427734375 0.8125 0.431640625 0.81640625 0.431640625 0.826171875 0.41796875 0.826171875 0.4140625 0.822265625 0.412109375 0.814453125
0 0.3359375 0.775390625 0.015625 0.015625
0 0.671875 0.7421875 0.677734375 0.7421875 0.689453125 0.75 0.70703125 0.7734375 0.70703125 0.77734375 0.703125 0.77734375 0.693359375 0.771484375 0.671875 0.748046875 0.671875 0.744140625
0 0.98828125 0.36328125 0.998046875 0.361328125 0.998046875 0.369140625 0.994140625 0.369140625 0.98828125 0.365234375
0 0.734375 0.7265625 0.73828125 0.73046875 0.73828125 0.73828125 0.734375 0.744140625 0.732421875 0.763671875 0.728515625 0.775390625 0.72265625 0.779296875 0.71875 0.775390625 0.71875 0.765625 0.724609375 0.751953125 0.7265625 0.73828125 0.732421875 0.728515625
0 0.3125 0.748046875 0.326171875 0.755859375 0.326171875 0.76171875 0.296875 0.755859375 0.296875 0.751953125 0.30078125 0.748046875 0.310546875 0.748046875
0 0.46875 0.796875 0.4765625 0.80078125 0.482421875 0.80078125 0.4921875 0.8046875 0.50390625 0.8046875 0.517578125 0.80859375 0.5234375 0.8125 0.529296875 0.8125 0.529296875 0.818359375 0.525390625 0.8203125 0.49609375 0.818359375 0.490234375 0.814453125 0.46875 0.810546875 0.466796875 0.806640625 0.46875 0.798828125
0 0.328125 0.798828125 0.333984375 0.80078125 0.333984375 0.810546875 0.330078125 0.818359375 0.32421875 0.818359375 0.322265625 0.81640625 0.322265625 0.80859375 0.328125 0.80078125
0 0.06477031250000001 0.685625 0.021471875 0.6764718750000001 0.0172484375 0.6923125 0.0616015625 0.6968890625 0.06477031250000001 0.685625
0 0.0911703125 0.7197687500000001 0.070753125 0.7130812500000001 0.071809375 0.7237296875000001 0.0872984375 0.7292734375000001 0.0911703125 0.7197687500000001
0 0.09081875 0.739834375 0.08940937500000001 0.7317375 0.06899375 0.733234375 0.067234375 0.7384265625 0.09081875 0.739834375
0 0.08201875 0.7479296875000001 0.061250000000000006 0.7458187500000001 0.061250000000000006 0.7504828125 0.07990625000000001 0.7539140625 0.08201875 0.7479296875000001
0 0.8032828125 0.5018765625 0.7895546875 0.49518750000000006 0.784275 0.4980921875 0.7983546875 0.511028125 0.8032828125 0.5018765625
0 0.807859375 0.49694843750000006 0.7955390625000001 0.4877953125000001 0.793075 0.49351562500000007 0.7987078125 0.502228125 0.807859375 0.49694843750000006
0 0.81595625 0.48990781250000004 0.7983546875 0.47758750000000005 0.7955390625000001 0.48330781250000004 0.808915625 0.4944843750000001 0.81595625 0.48990781250000004
0 0.8215875000000001 0.4811078125 0.8096187499999999 0.4687875 0.804690625 0.47793906249999996 0.814546875 0.4860359375 0.8215875000000001 0.4811078125
0 0.9011421875000001 0.42056250000000006 0.8874140625000001 0.41739375 0.8772046874999999 0.42592968750000004 0.887765625 0.43393906250000003 0.9011421875000001 0.42056250000000006
0 0.9050140624999999 0.42372968750000006 0.9000859375 0.42302656250000004 0.8891734375000001 0.436490625 0.8962140625 0.439921875 0.9050140624999999 0.42372968750000006
0 0.9000859375 0.42619375000000004 0.8951578124999999 0.43921875000000005 0.90360625 0.4444984375 0.9018453125000001 0.44247500000000006 0.90818125 0.42795468750000004 0.9000859375 0.42619375000000004
0 0.9599265625 0.41070625 0.9514796875 0.40542656250000003 0.93775 0.42945000000000005 0.9461984375000001 0.433234375 0.9599265625 0.41070625
0 0.973303125 0.41387343750000005 0.9726000000000001 0.4068343750000001 0.9669671875000001 0.40753750000000005 0.9613359375 0.4293625 0.9645031250000001 0.4381625 0.973303125 0.41387343750000005
0 0.71875 0.5927734375 0.021484375 0.0478515625
0 0.7744140625 0.712890625 0.0341796875 0.0283203125
0 0.7374578125000001 0.9144296875000001 0.7047203125000001 0.9024625000000001 0.7033125 0.915221875 0.7304171875000001 0.9232296875 0.7374578125000001 0.9144296875000001
0 0.729009375 0.921821875 0.6990890625 0.9112625 0.696625 0.9228781250000001 0.7258421875000001 0.9295671875 0.729009375 0.921821875
0 0.37512812500000003 0.7856828125 0.37380625 0.79115625 0.40079062499999996 0.79761875 0.40135625 0.7894578125 0.37512812500000003 0.7856828125
0 0.3745625 0.7888906250000001 0.3739953125 0.7958734375000001 0.39928125000000003 0.8032328125 0.399846875 0.795684375 0.3745625 0.7888906250000001
0 0.37342968750000005 0.7945515625 0.36984375 0.8013453125000001 0.39494062500000005 0.8083734375000001 0.39701718750000003 0.8005906250000001 0.37342968750000005 0.7945515625
0 0.37022187500000003 0.8013453125000001 0.37022187500000003 0.8090812500000001 0.3911671875 0.8162515625 0.39437500000000003 0.8096484374999999 0.37022187500000003 0.8013453125000001
0 0.37078750000000005 0.8088937500000001 0.37022187500000003 0.8160640625 0.3843734375 0.8183281250000001 0.38456250000000003 0.8179968750000001 0.38720468750000003 0.8105906250000001 0.37078750000000005 0.8088937500000001
0 0.3687125 0.81681875 0.3694671875 0.8213468750000001 0.3862609375 0.8242250000000001 0.3862609375 0.8187046875 0.3687125 0.81681875
0 0.367390625 0.8224796875 0.36814531250000004 0.8273859375000001 0.38475156250000003 0.8321031250000002 0.38550625 0.8239890624999999 0.367390625 0.8224796875
0 0.3649375 0.8247437500000001 0.3621078125 0.830215625 0.38154375 0.838140625 0.38456250000000003 0.8300265625000001 0.3649375 0.8247437500000001
0 0.2142015625 0.7802 0.2055140625 0.7768578125000001 0.19849687500000002 0.7969921875 0.20651562499999998 0.7979109375000001 0.2142015625 0.7802