0 0.45490312499999996 0.8667703124999999 0.48558125 0.8742562500000001 0.5424484374999999 0.88061875 0.5742484375 0.8723843750000001 0.5039140625 0.8585359375 0.4466734375 0.85479375 0.4343265625 0.8540453125000002 0.4279375 0.8559234375000001 0.4347015625 0.8622796875000001 0.45490312499999996 0.8667703124999999
0 0.1788015625 0.8727578125000002 0.18852812500000002 0.8731328125 0.18927656250000002 0.8663953125000001 0.16999687500000002 0.8668625000000001 0.16944843750000002 0.8720093750000001 0.1788015625 0.8727578125000002
0 0.21034843749999999 0.992721875 0.215959375 0.9859859375 0.21165468750000002 0.9813171875000001 0.205859375 0.99085 0.21034843749999999 0.992721875
0 0.04635937500000001 0.9710140625 0.0774125 0.9597875 0.032821875 0.968271875 0.032892187499999996 0.9721375000000001 0.04635937500000001 0.9710140625
0 0.4842328125 0.8247187500000002 0.5033140625 0.823596875 0.50069375 0.8116203125000001 0.48572968750000006 0.8116203125000001 0.4721203125 0.814265625 0.47226093750000003 0.8194796875 0.4842328125 0.8247187500000002
0 0.7500484375 0.9456453125 0.7627687500000001 0.94639375 0.7691296875 0.9520078125 0.8738828125 0.9733406250000001 0.875753125 0.9624874999999999 0.7489265625 0.93329375 0.7397390625 0.9354515625 0.7406953125000001 0.9392828125 0.7500484375 0.9456453125
0 0.9823124999999999 0.9434 0.98455625 0.9404062500000001 0.97969375 0.9362890625000001 0.9657015625 0.9350296875 0.9651031250000002 0.9404062500000001 0.9823124999999999 0.9434
0 0.9710890624999999 0.80850625 0.9718375 0.8032656250000001 0.9577062500000001 0.8024828125000001 0.95836875 0.8077578125000001 0.9710890624999999 0.80850625
0 0.99578125 0.8189859374999999 0.9961546875 0.8043890625 0.9875812500000001 0.8054281250000002 0.9897953125000001 0.8201078125000001 0.99578125 0.8189859374999999
0 0.9288125000000002 0.80813125 0.9288125000000002 0.7995234375 0.9236218750000001 0.8016421875000002 0.923575 0.8073828125000001 0.9288125000000002 0.80813125
0 0.678621875 0.80813125 0.6816156250000001 0.8043890625 0.6576859375 0.7999578125000001 0.6584203125000001 0.8043890625 0.678621875 0.80813125
0 0.68578125 0.7858234375 0.6865296875000001 0.7802093750000001 0.66568125 0.7784984375 0.6674500000000001 0.78806875 0.68578125 0.7858234375
0 0.6327218750000001 0.7516984375 0.6334703125000001 0.74084375 0.6227609375000001 0.7381031250000001 0.6222468750000001 0.7528203125 0.6327218750000001 0.7516984375
0 0.6327218750000001 0.7318625000000001 0.6364625 0.723253125 0.624865625 0.7216921875 0.6252390625 0.7322359375 0.6327218750000001 0.7318625000000001
0 0.48831093750000004 0.8022234375 0.486440625 0.7921187500000001 0.4830609375 0.7928046875 0.4826984375000001 0.8003515625000001 0.48831093750000004 0.8022234375
0 0.4965421875 0.7610546875 0.4965421875 0.7498265625 0.49063437499999996 0.74904375 0.4898078125 0.7603062500000001 0.4965421875 0.7610546875
0 0.513003125 0.7610546875 0.5111328125 0.7498265625 0.5073906250000001 0.7453359375 0.5062046875 0.749884375 0.50626875 0.7614281250000001 0.513003125 0.7610546875
0 0.5275937500000001 0.7603062500000001 0.5275937500000001 0.7502 0.5213515625 0.7515687500000001 0.5212328125 0.7599312500000001 0.5275937500000001 0.7603062500000001
0 0.5040234375 0.7610546875 0.502153125 0.750575 0.49736718750000003 0.7519890625000001 0.49878593750000005 0.7610546875 0.5040234375 0.7610546875
0 0.56500625 0.7299906250000001 0.5631359375 0.7213828125 0.556278125 0.7200093750000001 0.5560265625 0.7269968750000001 0.56500625 0.7299906250000001
0 0.5631359375 0.7438375 0.5642578125000001 0.7404703125000001 0.55459375 0.7385234375 0.5522859375000001 0.7438375 0.5631359375 0.7438375
0 0.5635093750000001 0.750575 0.5623875 0.7445875000000001 0.553753125 0.7435734375 0.555278125 0.7498265625 0.5635093750000001 0.750575
0 0.5620125 0.7576859375 0.5620125 0.7531953125 0.55459375 0.752409375 0.5537828125 0.7576859375 0.5620125 0.7576859375
0 0.646190625 0.7449609375 0.6473125 0.7419671875 0.6395921875 0.739365625 0.638334375 0.7438375 0.646190625 0.7449609375
0 0.6495578125 0.749078125 0.6495578125 0.7457093750000001 0.6394562500000001 0.7442125 0.6387078125000001 0.7520718750000001 0.6495578125 0.749078125
0 0.6473125 0.7569375 0.6473125 0.7513234375 0.637909375 0.7507265625 0.6368375000000001 0.7565625 0.6473125 0.7569375
0 0.5867046875 0.73448125 0.587453125 0.7288671875000001 0.5777375 0.7275828125000001 0.576978125 0.7337328125 0.5867046875 0.73448125
0 0.5867046875 0.7423406250000001 0.5878265625 0.7337328125 0.5785796875 0.7364203125000001 0.5781 0.7423406250000001 0.5867046875 0.7423406250000001
0 0.6087781250000001 0.7296156250000001 0.6065328125 0.7236281250000001 0.5975140625 0.7225343750000001 0.598303125 0.7288671875000001 0.6087781250000001 0.7296156250000001
0 0.60241875 0.7400953125 0.603540625 0.7341078125 0.5937265625 0.7292671875000001 0.5941875 0.7385984375 0.60241875 0.7400953125
0 0.273671875 0.8263078125000001 0.29125625 0.815828125 0.283025 0.8150796874999999 0.27030468750000003 0.821815625 0.2239140625 0.8188218750000001 0.21082031250000002 0.8004828125 0.2032390625 0.8054281250000002 0.2197984375 0.825559375 0.273671875 0.8263078125000001
0 0.23448593750000002 0.70435625 0.23560781249999999 0.6983671875 0.22588125 0.6968703125000001 0.22513281250000003 0.70435625 0.23448593750000002 0.70435625
0 0.3098703125 0.7022515625 0.30790625000000005 0.6904546875 0.30250625000000003 0.6931453125 0.302571875 0.7036546875 0.3098703125 0.7022515625
0 0.31717031250000005 0.7042171875000001 0.31801250000000003 0.696634375 0.31355781250000003 0.6959875000000001 0.31267812500000003 0.7033750000000001 0.31717031250000005 0.7042171875000001
0 0.07466874999999999 0.691240625 0.0741109375 0.6859421875 0.066025 0.6876156250000001 0.06574687500000001 0.6929140625 0.07466874999999999 0.691240625
0 0.056826562500000004 0.6970968750000001 0.056826562500000004 0.6931921875 0.0470328125 0.693303125 0.047626562500000004 0.6976546875 0.056826562500000004 0.6970968750000001
0 0.1974890625 0.6800140625000001 0.19971875 0.6738796875 0.1921921875 0.6738796875 0.19135625 0.679178125 0.1974890625 0.6800140625000001
0 0.5254328125 0.80221875 0.5243984375 0.7910953125 0.5182859375 0.792875 0.518709375 0.80221875 0.5254328125 0.80221875