0 0.8860203125 0.10688281250000001 0.8834500000000001 0.067803125 0.8579531250000001 0.07464375 0.8567203125000001 0.10534062500000002 0.8860203125 0.10688281250000001
0 0.8572359375 0.15779062500000002 0.8520953125 0.1356796875 0.81921875 0.1399734375 0.821253125 0.155734375 0.8572359375 0.15779062500000002
0 0.717934375 0.2477796875 0.7169062500000001 0.23749531250000003 0.668903125 0.24519375000000002 0.673728125 0.25755 0.717934375 0.2477796875
0 0.5832609375 0.20201406249999998 0.586859375 0.191215625 0.5359328125 0.18159843750000002 0.5375125 0.1963578125 0.5832609375 0.20201406249999998
0 0.5030734375 0.1675609375 0.5051296875000001 0.155734375 0.46424375 0.1405515625 0.4619515625 0.1588203125 0.5030734375 0.1675609375
0 0.869246875 0.26958125000000005 0.8741593750000001 0.258696875 0.8676312500000001 0.2554390625 0.8629296875 0.2671234375 0.869246875 0.26958125000000005
0 0.7944921875000001 0.276603125 0.791684375 0.270634375 0.7709203125 0.2767546875 0.7762421875000001 0.2850296875 0.7944921875000001 0.276603125
0 0.3289296875 0.08285937500000001 0.3317375 0.087775 0.389996875 0.084965625 0.38960468750000005 0.07978125000000001 0.3513921875 0.0740828125 0.3289296875 0.08285937500000001
0 0.2037203125 0.0625546875 0.1594984375 0.050618750000000004 0.20582656250000003 0.0755453125 0.2372359375 0.07899062500000001 0.236009375 0.0727375 0.2037203125 0.0625546875
0 0.154234375 0.0815140625 0.15739375 0.07484375 0.131421875 0.06676875 0.1321234375 0.0762484375 0.154234375 0.0815140625
0 0.234253125 0.045659375 0.236009375 0.0393390625 0.2032890625 0.03478125000000001 0.202315625 0.0425 0.234253125 0.045659375
0 0.11633125 0.015815625 0.117734375 0.010198437500000001 0.0868421875 0.0059656250000000004 0.0886046875 0.012304687500000001 0.11633125 0.015815625
0 0.28935468750000004 0.2342796875 0.28970625 0.2283109375 0.27636875 0.22936406250000002 0.27601875 0.23463124999999999 0.28935468750000004 0.2342796875
0 0.28935468750000004 0.2455140625 0.2883015625 0.23814218750000002 0.27671093750000003 0.23807031250000002 0.27742187500000004 0.2455140625 0.28935468750000004 0.2455140625
0 0.3202390625 0.2655265625 0.3202390625 0.243759375 0.31460468750000004 0.243596875 0.31357187500000006 0.2644734375 0.3202390625 0.2655265625
0 0.327609375 0.265878125 0.32936406250000005 0.242003125 0.323684375 0.2447796875 0.32094218750000003 0.2676328125 0.327609375 0.265878125
0 0.3374359375 0.2595578125 0.33813906250000003 0.227609375 0.3325234375 0.22655468750000002 0.33236875000000005 0.23175468750000003 0.33041718750000004 0.25885625 0.3374359375 0.2595578125
0 0.32550468750000006 0.2806234375 0.32550468750000006 0.2725484375 0.321315625 0.2724125 0.32269687500000005 0.282028125 0.32550468750000006 0.2806234375
0 0.35208125 0.28273125000000005 0.3517296875 0.27500625 0.346578125 0.2759640625 0.3468171875 0.2855390625 0.35208125 0.28273125000000005
0 0.5972578125 0.28709218750000004 0.596421875 0.28124375 0.5791625 0.280409375 0.578884375 0.2865359375 0.5972578125 0.28709218750000004
0 0.596978125 0.275953125 0.596978125 0.270940625 0.5798609375 0.2683609375 0.57971875 0.27511718749999997 0.596978125 0.275953125
0 0.599175 0.31327031250000004 0.6000109375 0.304915625 0.5883140625000001 0.3043671875 0.58831875 0.3135484375 0.599175 0.31327031250000004
0 0.584978125 0.3043578125 0.584421875 0.29683906250000003 0.5714078125000001 0.296853125 0.57189375 0.3012953125 0.584978125 0.3043578125
0 0.2124453125 0.25283906250000004 0.21188906250000003 0.24643281250000004 0.190175 0.2453203125 0.190175 0.2525609375 0.2124453125 0.25283906250000004
0 0.20938281250000002 0.2598015625 0.2088265625 0.25423125 0.1900515625 0.2530203125 0.19073125000000002 0.2586875 0.20938281250000002 0.2598015625
0 0.21467187499999998 0.22693906250000004 0.214115625 0.2216484375 0.19349531250000002 0.222021875 0.193515625 0.22749687500000004 0.21467187499999998 0.22693906250000004
0 0.23638593750000003 0.24810468750000003 0.23805625 0.2436484375 0.22010937500000002 0.24206093750000002 0.2199609375 0.24699062500000002 0.23638593750000003 0.24810468750000003
0 0.23304531250000002 0.2196984375 0.23304531250000002 0.2146859375 0.2213609375 0.21325625000000004 0.221353125 0.21914218750000003 0.23304531250000002 0.2196984375
0 0.01623125 0.2603859375 0.0262515625 0.24869062500000003 0.019725000000000003 0.24550468749999999 0.0114984375 0.25676562500000005 0.01623125 0.2603859375
0 0.04434687500000001 0.2531453125 0.0524203125 0.241728125 0.04853125 0.237990625 0.042398437500000004 0.25008281250000003 0.04434687500000001 0.2531453125
0 0.0387796875 0.2787671875 0.0454609375 0.2723609375 0.041329687500000004 0.2689875 0.035717187500000004 0.27598125 0.0387796875 0.2787671875
0 0.08471250000000001 0.254259375 0.0900015625 0.24813281250000002 0.0854765625 0.24393906250000003 0.08025781250000001 0.251196875 0.08471250000000001 0.254259375
0 0.11154843750000001 0.1848765625 0.11749375000000001 0.17375625 0.10438750000000002 0.170134375 0.10017343750000002 0.18513593750000001 0.11154843750000001 0.1848765625