0 0.783203125 0.48828125 0.7890625 0.484375 0.794921875 0.484375 0.822265625 0.4921875 0.8203125 0.498046875 0.8046875 0.498046875 0.802734375 0.49609375 0.7890625 0.494140625 0.78515625 0.490234375
0 0.73046875 0.47265625 0.74609375 0.47265625 0.7578125 0.4765625 0.767578125 0.4765625 0.779296875 0.484375 0.775390625 0.48828125 0.759765625 0.48828125 0.748046875 0.482421875 0.734375 0.482421875 0.73046875 0.478515625 0.73046875 0.474609375
0 0.3046875 0.671875 0.306640625 0.669921875 0.3125 0.671875 0.314453125 0.677734375 0.310546875 0.677734375 0.306640625 0.673828125
0 0.724609375 0.26171875 0.7265625 0.263671875 0.7265625 0.271484375 0.732421875 0.275390625 0.732421875 0.279296875 0.73046875 0.28125 0.716796875 0.279296875 0.708984375 0.271484375 0.7109375 0.265625 0.72265625 0.263671875
0 0.966796875 0.33984375 0.970703125 0.341796875 0.97265625 0.357421875 0.96484375 0.359375 0.958984375 0.35546875 0.962890625 0.345703125 0.966796875 0.341796875
0 0.466796875 0.412109375 0.46875 0.4140625 0.48046875 0.4140625 0.49609375 0.419921875 0.51953125 0.421875 0.537109375 0.4296875 0.546875 0.4296875 0.548828125 0.431640625 0.5546875 0.431640625 0.556640625 0.4296875 0.568359375 0.435546875 0.58984375 0.439453125 0.599609375 0.4453125 0.623046875 0.4453125 0.634765625 0.451171875 0.662109375 0.455078125 0.669921875 0.4609375 0.669921875 0.47265625 0.662109375 0.482421875 0.654296875 0.482421875 0.65234375 0.484375 0.646484375 0.482421875 0.62890625 0.482421875 0.6171875 0.4765625 0.6015625 0.4765625 0.599609375 0.474609375 0.587890625 0.474609375 0.58203125 0.470703125 0.5703125 0.470703125 0.56640625 0.466796875 0.556640625 0.466796875 0.544921875 0.4609375 0.52734375 0.458984375 0.505859375 0.451171875 0.4921875 0.451171875 0.48046875 0.4453125 0.46484375 0.443359375 0.458984375 0.439453125 0.4453125 0.44140625 0.44140625 0.435546875 0.4375 0.435546875 0.421875 0.419921875 0.421875 0.416015625 0.435546875 0.41015625 0.4453125 0.41015625 0.447265625 0.408203125 0.46484375 0.412109375
0 0.92578125 0.328125 0.927734375 0.330078125 0.927734375 0.349609375 0.919921875 0.3515625 0.91015625 0.34375 0.9140625 0.337890625 0.919921875 0.337890625 0.92578125 0.330078125
0 0.751953125 0.662109375 0.7578125 0.666015625 0.759765625 0.671875 0.759765625 0.685546875 0.755859375 0.69140625 0.75 0.69140625 0.7421875 0.685546875 0.7421875 0.6640625 0.744140625 0.662109375 0.75 0.662109375
0 0.962890625 0.396484375 0.982421875 0.3984375 0.998046875 0.40625 0.998046875 0.408203125 0.9921875 0.41015625 0.978515625 0.404296875 0.970703125 0.404296875 0.962890625 0.400390625 0.962890625 0.3984375
0 0.73046875 0.470703125 0.755859375 0.47265625 0.7578125 0.474609375 0.771484375 0.4765625 0.77734375 0.478515625 0.78125 0.484375 0.8125 0.486328125 0.826171875 0.494140625 0.8203125 0.498046875 0.8046875 0.498046875 0.802734375 0.49609375 0.79296875 0.49609375 0.779296875 0.48828125 0.7578125 0.48828125 0.74609375 0.482421875 0.734375 0.482421875 0.728515625 0.474609375 0.73046875 0.47265625
0 0.87109375 0.671875 0.880859375 0.671875 0.890625 0.6796875 0.896484375 0.681640625 0.89453125 0.69140625 0.892578125 0.693359375 0.88671875 0.693359375 0.880859375 0.689453125 0.875 0.689453125 0.87109375 0.685546875 0.869140625 0.681640625 0.869140625 0.67578125 0.87109375 0.673828125
0 0.2734375 0.62890625 0.279296875 0.6328125 0.279296875 0.638671875 0.275390625 0.638671875 0.2734375 0.63671875 0.2734375 0.630859375
0 0.751953125 0.662109375 0.7578125 0.666015625 0.76171875 0.673828125 0.76171875 0.701171875 0.7578125 0.708984375 0.744140625 0.712890625 0.744140625 0.70703125 0.7421875 0.705078125 0.7421875 0.6953125 0.744140625 0.693359375 0.7421875 0.6875 0.7421875 0.6640625 0.744140625 0.662109375 0.75 0.662109375
0 0.4765625 0.369140625 0.4921875 0.369140625 0.509765625 0.375 0.529296875 0.375 0.544921875 0.3828125 0.55859375 0.3828125 0.564453125 0.38671875 0.5703125 0.38671875 0.578125 0.390625 0.587890625 0.390625 0.6015625 0.396484375 0.615234375 0.3984375 0.626953125 0.408203125 0.626953125 0.4140625 0.623046875 0.419921875 0.603515625 0.419921875 0.6015625 0.41796875 0.599609375 0.419921875 0.583984375 0.4140625 0.56640625 0.412109375 0.552734375 0.404296875 0.537109375 0.404296875 0.529296875 0.400390625 0.501953125 0.396484375 0.48828125 0.388671875 0.474609375 0.38671875 0.470703125 0.3828125 0.4765625 0.37109375
0 0.78125 0.484375 0.802734375 0.484375 0.8046875 0.486328125 0.81640625 0.486328125 0.82421875 0.4921875 0.841796875 0.4921875 0.845703125 0.49609375 0.857421875 0.498046875 0.865234375 0.501953125 0.8671875 0.505859375 0.8671875 0.5078125 0.8359375 0.505859375 0.826171875 0.49609375 0.822265625 0.498046875 0.79296875 0.49609375 0.783203125 0.490234375 0.78125 0.486328125
0 0.3984375 0.525390625 0.400390625 0.5234375 0.412109375 0.5234375 0.4140625 0.521484375 0.44921875 0.5234375 0.470703125 0.53125 0.482421875 0.53125 0.505859375 0.5390625 0.529296875 0.541015625 0.541015625 0.546875 0.55078125 0.546875 0.572265625 0.5546875 0.5859375 0.5546875 0.599609375 0.560546875 0.603515625 0.564453125 0.603515625 0.57421875 0.599609375 0.578125 0.595703125 0.580078125 0.5625 0.580078125 0.5546875 0.576171875 0.546875 0.576171875 0.521484375 0.568359375 0.5078125 0.568359375 0.486328125 0.560546875 0.4765625 0.560546875 0.4609375 0.5546875 0.4453125 0.552734375 0.4296875 0.544921875 0.423828125 0.544921875 0.412109375 0.537109375 0.408203125 0.537109375 0.400390625 0.52734375
0 0.828125 0.494140625 0.861328125 0.5 0.8671875 0.505859375 0.86328125 0.509765625 0.8359375 0.505859375 0.828125 0.49609375
0 0.8671875 0.310546875 0.873046875 0.3125 0.876953125 0.318359375 0.869140625 0.33203125 0.869140625 0.3359375 0.865234375 0.333984375 0.865234375 0.3203125 0.861328125 0.318359375 0.861328125 0.3125 0.865234375 0.3125
0 0.453125 0.408203125 0.46875 0.4140625 0.482421875 0.4140625 0.49609375 0.419921875 0.51953125 0.421875 0.5234375 0.42578125 0.529296875 0.42578125 0.537109375 0.4296875 0.546875 0.4296875 0.548828125 0.431640625 0.55859375 0.4296875 0.568359375 0.435546875 0.583984375 0.4375 0.599609375 0.4453125 0.623046875 0.4453125 0.6328125 0.451171875 0.662109375 0.455078125 0.669921875 0.4609375 0.669921875 0.474609375 0.662109375 0.482421875 0.65625 0.482421875 0.654296875 0.484375 0.642578125 0.484375 0.640625 0.482421875 0.63671875 0.484375 0.634765625 0.482421875 0.626953125 0.482421875 0.623046875 0.478515625 0.587890625 0.474609375 0.580078125 0.470703125 0.5703125 0.470703125 0.564453125 0.466796875 0.556640625 0.466796875 0.544921875 0.4609375 0.525390625 0.458984375 0.50390625 0.451171875 0.4921875 0.451171875 0.47265625 0.443359375 0.46484375 0.443359375 0.458984375 0.439453125 0.4453125 0.44140625 0.44140625 0.435546875 0.4375 0.435546875 0.421875 0.419921875 0.421875 0.416015625 0.43359375 0.41015625 0.451171875 0.408203125
0 0.462890625 0.478515625 0.48046875 0.484375 0.490234375 0.484375 0.4921875 0.486328125 0.505859375 0.48828125 0.513671875 0.4921875 0.52734375 0.4921875 0.55078125 0.5 0.56640625 0.5 0.5859375 0.5078125 0.599609375 0.5078125 0.6015625 0.509765625 0.630859375 0.515625 0.634765625 0.521484375 0.634765625 0.525390625 0.630859375 0.537109375 0.626953125 0.5390625 0.5859375 0.537109375 0.583984375 0.53515625 0.578125 0.53515625 0.5703125 0.529296875 0.5546875 0.529296875 0.537109375 0.5234375 0.515625 0.521484375 0.50390625 0.515625 0.490234375 0.515625 0.4609375 0.505859375 0.44921875 0.505859375 0.443359375 0.498046875 0.439453125 0.498046875 0.431640625 0.490234375 0.4296875 0.484375 0.4375 0.4765625 0.458984375 0.4765625 0.4609375 0.478515625
0 0.962890625 0.396484375 0.974609375 0.396484375 0.98046875 0.3984375 0.986328125 0.404296875 0.96875 0.404296875 0.962890625 0.3984375
0 0.861328125 0.3125 0.865234375 0.310546875 0.873046875 0.3125 0.873046875 0.318359375 0.8671875 0.3203125 0.861328125 0.318359375 0.861328125 0.314453125
0 0.927734375 0.31640625 0.9296875 0.318359375 0.927734375 0.32421875 0.927734375 0.341796875 0.9296875 0.345703125 0.927734375 0.349609375 0.919921875 0.3515625 0.91015625 0.34375 0.912109375 0.337890625 0.91796875 0.337890625 0.921875 0.333984375 0.92578125 0.326171875 0.92578125 0.318359375
0 0.361328125 0.587890625 0.375 0.5859375 0.376953125 0.583984375 0.390625 0.583984375 0.4140625 0.59375 0.431640625 0.59375 0.453125 0.6015625 0.46875 0.6015625 0.4921875 0.609375 0.51953125 0.61328125 0.525390625 0.6171875 0.544921875 0.619140625 0.552734375 0.623046875 0.55859375 0.623046875 0.564453125 0.62890625 0.55859375 0.646484375 0.517578125 0.646484375 0.5078125 0.642578125 0.5 0.642578125 0.4921875 0.638671875 0.474609375 0.638671875 0.46875 0.63671875 0.462890625 0.630859375 0.447265625 0.62890625 0.443359375 0.625 0.435546875 0.625 0.43359375 0.62890625 0.4296875 0.62890625 0.42578125 0.625 0.4140625 0.623046875 0.404296875 0.6171875 0.388671875 0.615234375 0.380859375 0.609375 0.373046875 0.607421875 0.361328125 0.595703125 0.359375 0.591796875 0.361328125 0.58984375
0 0.6171875 0.625 0.619140625 0.630859375 0.615234375 0.640625 0.615234375 0.6484375 0.611328125 0.6484375 0.609375 0.64453125 0.611328125 0.630859375 0.615234375 0.626953125
0 0.31218750000000006 0.4363671875 0.296875 0.4598046875 0.29765625 0.47074218749999996 0.31671875 0.44277343750000003 0.32203125 0.43886718750000003 0.32796875000000003 0.41871093750000005 0.32906250000000004 0.41277343750000006 0.32343750000000004 0.41125 0.31203125 0.4288671875000001 0.31218750000000006 0.4363671875
0 0.6398875 0.7163890625 0.692728125 0.7189234375 0.693090625 0.7104171875 0.6398875 0.707025 0.6366296875 0.7102359375 0.6398875 0.7163890625
0 0.6959859375 0.7077031250000001 0.696346875 0.69793125 0.6530968750000001 0.6966640625 0.6492968750000001 0.700690625 0.6534593750000001 0.7062546875 0.6959859375 0.7077031250000001
0 0.6680671875 0.4331390625 0.873484375 0.48280781250000004 0.8964796875 0.48372812500000006 0.9130343750000001 0.473303125 0.8924937500000001 0.456134375 0.6821703125 0.40286406250000006 0.6757312500000001 0.4024796875 0.6680671875 0.4331390625