0 0.595703125 0.046875 0.607421875 0.046875 0.607421875 0.0546875 0.59765625 0.0546875 0.59375 0.052734375 0.595703125 0.048828125
0 0.794921875 0.06640625 0.80078125 0.0703125 0.806640625 0.0703125 0.810546875 0.07421875 0.810546875 0.080078125 0.806640625 0.08203125 0.7890625 0.078125 0.78125 0.07421875 0.78125 0.068359375 0.783203125 0.06640625 0.79296875 0.06640625
0 0.4453125 0.21484375 0.447265625 0.216796875 0.447265625 0.224609375 0.443359375 0.23828125 0.4375 0.23828125 0.4375 0.2265625 0.443359375 0.216796875
0 0.34375 0.01953125 0.349609375 0.01953125 0.353515625 0.0234375 0.357421875 0.0234375 0.373046875 0.0390625 0.373046875 0.04296875 0.37890625 0.046875 0.37890625 0.052734375 0.369140625 0.052734375 0.3515625 0.03515625 0.34375 0.021484375
0 0.935546875 0.05859375 0.9453125 0.064453125 0.9453125 0.068359375 0.939453125 0.0703125 0.9296875 0.0703125 0.916015625 0.064453125 0.916015625 0.060546875 0.921875 0.056640625 0.931640625 0.056640625 0.93359375 0.05859375
0 0.390625 0.0546875 0.390625 0.041015625 0.396484375 0.029296875 0.400390625 0.009765625 0.40625 0.00390625 0.412109375 0.0078125 0.412109375 0.01171875 0.408203125 0.015625 0.400390625 0.052734375 0.392578125 0.0546875
0 0.6015625 0.0078125 0.609375 0.013671875 0.609375 0.01953125 0.59375 0.01953125 0.58984375 0.015625 0.5859375 0.015625 0.580078125 0.01171875 0.599609375 0.0078125
0 0.328125 0.09765625 0.333984375 0.09765625 0.341796875 0.11328125 0.341796875 0.12109375 0.34375 0.123046875 0.34375 0.126953125 0.33984375 0.1328125 0.3359375 0.1328125 0.33203125 0.12890625 0.326171875 0.111328125 0.326171875 0.1015625 0.328125 0.099609375
0 0.4140625 0.056640625 0.4140625 0.037109375 0.421875 0.013671875 0.427734375 0.013671875 0.4296875 0.017578125 0.427734375 0.044921875 0.42578125 0.046875 0.42578125 0.052734375 0.419921875 0.05859375 0.416015625 0.056640625
0 0.390625 0.021484375 0.39453125 0.021484375 0.39453125 0.029296875 0.390625 0.037109375 0.388671875 0.052734375 0.3828125 0.052734375 0.3828125 0.0390625 0.390625 0.0234375
0 0.107421875 0.052734375 0.109375 0.0546875 0.125 0.0546875 0.123046875 0.068359375 0.115234375 0.068359375 0.107421875 0.0625 0.095703125 0.060546875 0.09375 0.05859375 0.095703125 0.052734375 0.10546875 0.052734375
0 0.88671875 0.21484375 0.888671875 0.22265625 0.8828125 0.2265625 0.875 0.224609375 0.875 0.21484375 0.876953125 0.212890625 0.8828125 0.212890625 0.884765625 0.21484375
0 0.4375 0.0078125 0.439453125 0.0078125 0.443359375 0.015625 0.44140625 0.021484375 0.44140625 0.037109375 0.435546875 0.05859375 0.43359375 0.060546875 0.427734375 0.05859375 0.4296875 0.03125 0.4375 0.009765625
0 0.416015625 0.009765625 0.419921875 0.015625 0.412109375 0.0390625 0.412109375 0.05078125 0.408203125 0.0546875 0.40234375 0.0546875 0.400390625 0.052734375 0.400390625 0.044921875 0.40625 0.03125 0.408203125 0.015625 0.4140625 0.009765625
0 0.046875 0.046875 0.046875 0.064453125 0.044921875 0.06640625 0.044921875 0.072265625 0.041015625 0.076171875 0.037109375 0.07421875 0.037109375 0.0625 0.0390625 0.060546875 0.0390625 0.05078125 0.044921875 0.046875
0 0.1005859375 0.0869140625 0.01953125 0.0107421875
0 0.0927734375 0.0947265625 0.025390625 0.0126953125
0 0.095703125 0.1005859375 0.017578125 0.0107421875
0 0.091796875 0.111328125 0.021484375 0.009765625
0 0.0908203125 0.119140625 0.0205078125 0.0126953125
0 0.1142578125 0.1123046875 0.0166015625 0.0078125
0 0.1162109375 0.0908203125 0.009765625 0.0048828125
0 0.140625 0.083984375 0.0048828125 0.013671875
0 0.150390625 0.0849609375 0.0068359375 0.0126953125
0 0.16015625 0.0869140625 0.005859375 0.0107421875
0 0.166015625 0.0888671875 0.00390625 0.0126953125
0 0.1728515625 0.091796875 0.005859375 0.0107421875
0 0.1650390625 0.11328125 0.0048828125 0.0087890625
0 0.16015625 0.11328125 0.005859375 0.009765625
0 0.154296875 0.111328125 0.0087890625 0.0107421875
0 0.1357421875 0.1220703125 0.0087890625 0.009765625
0 0.140625 0.1240234375 0.0078125 0.0126953125
0 0.146484375 0.125 0.0068359375 0.015625
0 0.150390625 0.126953125 0.005859375 0.015625
0 0.1552734375 0.126953125 0.0068359375 0.0146484375
0 0.162109375 0.1279296875 0.0087890625 0.013671875
0 0.0537109375 0.0859375 0.0224609375 0.00390625
0 0.056640625 0.0791015625 0.021484375 0.01171875
0 0.0595703125 0.0693359375 0.0244140625 0.0107421875
0 0.046875 0.107421875 0.013671875 0.009765625
0 0.05078125 0.1015625 0.025390625 0.00390625
0 0.0478515625 0.0947265625 0.01953125 0.00390625
0 0.013671875 0.0400390625 0.0234375 0.0126953125
0 0.013671875 0.0517578125 0.0185546875 0.009765625
0 0.01171875 0.0595703125 0.0224609375 0.0107421875
0 0.1201171875 0.0244140625 0.017578125 0.01171875
0 0.37184375000000003 0.1571375 0.382090625 0.11588125 0.36618125 0.115409375 0.3535078125 0.15497968750000002 0.37184375000000003 0.1571375
0 0.402584375 0.1894953125 0.3740015625 0.1819453125 0.3731921875 0.18760781250000003 0.40285312500000003 0.19839375 0.402584375 0.1894953125
0 0.3888328125 0.20540468750000002 0.39098906250000004 0.1970453125 0.3696875 0.19084375 0.3696875 0.1905734375 0.3678 0.19866250000000002 0.3888328125 0.20540468750000002
0 0.40959531250000003 0.210796875 0.4179546875 0.2167296875 0.4257734375 0.20304531250000002 0.41094375000000005 0.1992015625 0.40959531250000003 0.210796875
0 0.45703125 0.2216796875 0.005859375 0.017578125
0 0.484375 0.220703125 0.005859375 0.0126953125
0 0.4931640625 0.2275390625 0.0068359375 0.015625
0 0.505859375 0.2255859375 0.0048828125 0.01171875
0 0.53125 0.2216796875 0.0078125 0.0126953125
0 0.546875 0.2490234375 0.0078125 0.009765625
0 0.400390625 0.2109375 0.0068359375 0.0068359375
0 0.3916015625 0.2080078125 0.0068359375 0.0107421875
0 0.59375 0.189453125 0.009765625 0.0107421875
0 0.5634765625 0.236328125 0.0087890625 0.0068359375
0 0.6455078125 0.2119140625 0.01171875 0.01171875
0 0.6416015625 0.2197265625 0.013671875 0.013671875
0 0.673828125 0.2509765625 0.0146484375 0.0185546875
0 0.7041015625 0.2451171875 0.009765625 0.0205078125
0 0.6943359375 0.2724609375 0.01171875 0.015625
0 0.7548828125 0.2421875 0.017578125 0.013671875
0 0.7373046875 0.248046875 0.013671875 0.0166015625
0 0.7529296875 0.26171875 0.0087890625 0.0126953125
0 0.7822265625 0.26171875 0.01171875 0.01171875
0 0.8427734375 0.2666015625 0.01171875 0.01171875
0 0.853515625 0.267578125 0.005859375 0.0087890625
0 0.8525390625 0.2568359375 0.033203125 0.0087890625
0 0.8525390625 0.24609375 0.0322265625 0.009765625
0 0.8564453125 0.2255859375 0.0244140625 0.0048828125
0 0.8837890625 0.244140625 0.029296875 0.009765625
0 0.896484375 0.2587890625 0.0126953125 0.0068359375
0 0.9375 0.23046875 0.0166015625 0.0107421875
0 0.9375 0.2421875 0.021484375 0.0078125
0 0.916015625 0.2578125 0.0166015625 0.0087890625
0 0.8798828125 0.2841796875 0.021484375 0.0029296875
0 0.87890625 0.2939453125 0.0166015625 0.0078125
0 0.875 0.3037109375 0.0166015625 0.0048828125
0 0.875 0.314453125 0.0126953125 0.005859375
0 0.8583984375 0.3134765625 0.01953125 0.0078125
0 0.857421875 0.3037109375 0.0166015625 0.005859375
0 0.8564453125 0.2822265625 0.0234375 0.009765625
0 0.859375 0.296875 0.0166015625 0.0107421875
0 0.96875 0.3134765625 0.005859375 0.013671875
0 0.95703125 0.294921875 0.0126953125 0.005859375
0 0.958984375 0.2822265625 0.013671875 0.0068359375
0 0.9453125 0.2841796875 0.013671875 0.0048828125
0 0.943359375 0.2998046875 0.0146484375 0.009765625
0 0.939453125 0.2646484375 0.005859375 0.01171875
0 0.9736328125 0.248046875 0.005859375 0.03515625
0 0.982421875 0.25390625 0.0068359375 0.03515625
0 0.9873046875 0.2421875 0.0087890625 0.0400390625
0 0.978515625 0.279296875 0.0078125 0.0166015625
0 0.9833984375 0.27734375 0.009765625 0.0126953125
0 0.990234375 0.2783203125 0.0068359375 0.01171875
0 0.9716796875 0.2763671875 0.0087890625 0.0126953125
0 0.8992749999999999 0.0740859375 0.7962703125 0.032559375 0.78818125 0.04314375 0.8957703125 0.0883765625 0.8992749999999999 0.0740859375
0 0.9984375000000001 0.0759734375 0.9313640625 0.0727375 0.9273187500000001 0.08224218750000001 0.9984375000000001 0.10051093750000001 0.9984375000000001 0.0759734375
0 0.898196875 0.040379687500000004 0.8534359375 0.034178125 0.8523562500000001 0.0390984375 0.8933437500000001 0.048739062500000006 0.898196875 0.040379687500000004
0 0.8685359375000001 0.0142234375 0.8644906250000001 0.02204375 0.8968484375 0.030942187500000003 0.8998140625 0.020965625 0.8685359375000001 0.0142234375
0 0.7350593750000001 0.00316875 0.733171875 0.01071875 0.7736203125000001 0.017796875 0.7809 0.0109875 0.7350593750000001 0.00316875
0 0.8499296875000001 0.00883125 0.8143359375 0.0047859375 0.81271875 0.009168750000000002 0.8483125 0.018807812500000003 0.8499296875000001 0.00883125
0 0.8240437500000001 0.124240625 0.8232343750000001 0.118578125 0.7647218750000001 0.10732031250000001 0.7620250000000001 0.114803125 0.8240437500000001 0.124240625
0 0.5556640625 0.14453125 0.0048828125 0.00390625
0 0.5615234375 0.1455078125 0.00390625 0.0107421875
0 0.583984375 0.1484375 0.0068359375 0.01171875
0 0.595703125 0.1484375 0.0048828125 0.0126953125
0 0.6552734375 0.162109375 0.0078125 0.01171875
0 0.685546875 0.16796875 0.0126953125 0.0068359375
0 0.6982421875 0.169921875 0.015625 0.009765625
0 0.7822265625 0.181640625 0.0263671875 0.0087890625
0 0.761553125 0.168125 0.754046875 0.1858671875 0.7680359375000001 0.18825625 0.77793125 0.171878125 0.761553125 0.168125