0 0.095703125 0.7890625 0.103515625 0.7890625 0.109375 0.796875 0.11328125 0.796875 0.123046875 0.806640625 0.123046875 0.810546875 0.111328125 0.80859375 0.095703125 0.796875 0.095703125 0.791015625
0 0.078125 0.72265625 0.083984375 0.7265625 0.083984375 0.73046875 0.078125 0.736328125 0.07421875 0.748046875 0.068359375 0.748046875 0.068359375 0.73828125 0.072265625 0.728515625 0.076171875 0.724609375
0 0.0859375 0.73046875 0.091796875 0.736328125 0.0859375 0.748046875 0.083984375 0.75 0.078125 0.75 0.078125 0.7421875 0.0859375 0.732421875
0 0.099609375 0.73828125 0.103515625 0.7421875 0.103515625 0.74609375 0.09765625 0.755859375 0.091796875 0.759765625 0.087890625 0.7578125 0.09375 0.748046875 0.09375 0.744140625 0.09765625 0.740234375
0 0.064453125 0.716796875 0.068359375 0.720703125 0.0625 0.7265625 0.060546875 0.734375 0.056640625 0.73828125 0.0546875 0.73828125 0.0546875 0.728515625 0.05859375 0.72265625 0.05859375 0.71875 0.0625 0.716796875
0 0.08203125 0.7265625 0.0859375 0.7265625 0.08984375 0.732421875 0.08984375 0.73828125 0.08203125 0.75 0.072265625 0.748046875 0.07421875 0.7421875 0.078125 0.740234375 0.078125 0.734375 0.08203125 0.728515625
0 0.068359375 0.71875 0.07421875 0.720703125 0.068359375 0.748046875 0.06640625 0.744140625 0.06640625 0.732421875 0.0703125 0.7265625 0.068359375 0.720703125
0 0.09375 0.779296875 0.09765625 0.779296875 0.1015625 0.775390625 0.115234375 0.775390625 0.1171875 0.779296875 0.12890625 0.783203125 0.1328125 0.787109375 0.130859375 0.798828125 0.125 0.8046875 0.123046875 0.810546875 0.1171875 0.810546875 0.107421875 0.802734375 0.1015625 0.802734375 0.09765625 0.798828125 0.09375 0.791015625 0.09375 0.78125
0 0.0703125 0.73046875 0.072265625 0.7421875 0.0703125 0.748046875 0.06640625 0.74609375 0.06640625 0.736328125 0.0703125 0.732421875
0 0.0390625 0.720703125 0.041015625 0.72265625 0.052734375 0.72265625 0.05078125 0.732421875 0.044921875 0.734375 0.01171875 0.732421875 0.00390625 0.7265625 0.01171875 0.72265625 0.037109375 0.720703125
0 0.103515625 0.775390625 0.111328125 0.7734375 0.130859375 0.783203125 0.1328125 0.787109375 0.130859375 0.796875 0.125 0.796875 0.119140625 0.794921875 0.11328125 0.787109375 0.10546875 0.783203125 0.103515625 0.77734375
0 0.10546875 0.775390625 0.115234375 0.775390625 0.125 0.78125 0.12890625 0.78125 0.134765625 0.787109375 0.130859375 0.798828125 0.125 0.802734375 0.1171875 0.794921875 0.1171875 0.791015625 0.10546875 0.77734375
0 0.08203125 0.7265625 0.0859375 0.73046875 0.083984375 0.740234375 0.078125 0.748046875 0.072265625 0.748046875 0.072265625 0.744140625 0.078125 0.73828125 0.078125 0.732421875 0.08203125 0.728515625
0 0.09765625 0.80859375 0.103515625 0.8125 0.107421875 0.8125 0.115234375 0.8203125 0.115234375 0.82421875 0.107421875 0.828125 0.09375 0.826171875 0.087890625 0.81640625 0.087890625 0.8125 0.095703125 0.80859375
0 0.06568125000000001 0.8093359375000001 0.043960937500000005 0.8446109375000002 0.0474375 0.8484765625 0.07037343750000001 0.8126375 0.06568125000000001 0.8093359375000001
0 0.0660296875 0.7893546875 0.060990625 0.7893546875 0.0646390625 0.8079906250000001 0.0695046875 0.8086421874999999 0.0660296875 0.7893546875
0 0.06568125000000001 0.786921875 0.05282343750000001 0.7764953125 0.0347515625 0.7669390625000001 0.0312765625 0.7756703125 0.055951562499999996 0.78726875 0.06568125000000001 0.786921875
0 0.10894843750000001 0.74521875 0.10408281250000001 0.755296875 0.1063421875 0.7594671875000001 0.11433437500000002 0.7507796875000001 0.10894843750000001 0.74521875