0 0.994140625 0.771484375 0.998046875 0.7734375 0.998046875 0.783203125 0.9921875 0.783203125 0.986328125 0.779296875 0.986328125 0.775390625 0.9921875 0.7734375
0 0.984375 0.8203125 0.990234375 0.8203125 0.998046875 0.8359375 0.998046875 0.85546875 0.9921875 0.85546875 0.984375 0.845703125 0.984375 0.8359375 0.982421875 0.833984375 0.982421875 0.82421875 0.984375 0.822265625
0 0.650390625 0.58203125 0.65625 0.5859375 0.662109375 0.5859375 0.666015625 0.58984375 0.666015625 0.595703125 0.658203125 0.599609375 0.642578125 0.591796875 0.638671875 0.591796875 0.6328125 0.5859375 0.63671875 0.580078125 0.6484375 0.58203125
0 0.44140625 0.6953125 0.443359375 0.69921875 0.44140625 0.703125 0.44140625 0.716796875 0.435546875 0.732421875 0.431640625 0.734375 0.4296875 0.732421875 0.4296875 0.708984375 0.43359375 0.69921875 0.439453125 0.6953125
0 0.54296875 0.494140625 0.552734375 0.5 0.552734375 0.505859375 0.541015625 0.505859375 0.5390625 0.50390625 0.5390625 0.49609375 0.541015625 0.49609375
0 0.23485156250000003 0.485096875 0.25870000000000004 0.47855468749999996 0.25870000000000004 0.46662656250000006 0.227928125 0.44854062499999997 0.023293750000000002 0.3985171875 0.022496875 0.40585156250000004 0.013678125 0.4389218750000001 0.23485156250000003 0.485096875
0 0.1252265625 0.48201875000000005 0.0744515625 0.47124375 0.0752765625 0.48156093750000006 0.11984062499999999 0.49163750000000006 0.1252265625 0.48201875000000005
0 0.1706140625 0.4935625 0.1259953125 0.4831734375 0.12632656250000002 0.49107968750000003 0.167153125 0.502796875 0.1706140625 0.4935625
0 0.21985000000000002 0.50510625 0.17407656250000003 0.4935625 0.1743484375 0.49973124999999996 0.2183109375 0.5131875 0.21985000000000002 0.50510625
0 0.0856265625 0.679978125 0.08832812500000001 0.68905 0.101775 0.6877093750000001 0.10260468750000001 0.6821015625000001 0.0856265625 0.679978125
0 0.10183281250000001 0.670328125 0.08215312500000001 0.667046875 0.08528281250000001 0.6757734375000001 0.10221875000000001 0.676503125 0.10183281250000001 0.670328125
0 0.39082343750000004 0.692875 0.38503437500000004 0.6874703125 0.3489546875 0.6822593750000001 0.3485078125 0.6896625000000001 0.38850781250000005 0.69635 0.39082343750000004 0.692875
0 0.41764062500000004 0.7249156250000001 0.41706250000000006 0.71893125 0.3992875 0.717221875 0.3996984375 0.7243359375 0.41764062500000004 0.7249156250000001
0 0.414746875 0.739390625 0.414746875 0.7341796875000001 0.3993125 0.7299328125 0.39834687500000004 0.7417078125000001 0.414746875 0.739390625
0 0.4321109375 0.77143125 0.4351984375 0.7521296875000001 0.43114687500000004 0.7428656250000001 0.42511093750000006 0.7495546875 0.42535937500000004 0.770465625 0.4321109375 0.77143125
0 0.484375 0.65625 0.01953125 0.0166015625
0 0.5068359375 0.7080078125 0.013671875 0.0185546875
0 0.6328125 0.701171875 0.0107421875 0.017578125
0 0.6578 0.7693875000000001 0.661659375 0.7618609375000001 0.6258390625 0.7558484375000001 0.6234578125 0.7624390625 0.6578 0.7693875000000001
0 0.6510484375000001 0.757421875 0.6539421875000001 0.7502796875 0.62909375 0.745215625 0.6267375000000001 0.7520171875 0.6510484375000001 0.757421875
0 0.6583796875000001 0.77266875 0.6342625000000001 0.7666859375 0.6331046875 0.77266875 0.6545203125 0.7798109375000001 0.6583796875000001 0.77266875
0 0.6560640625 0.785021875 0.6381203125 0.7782671875 0.6336515625 0.7849265625 0.6560640625 0.7911984375000001 0.6560640625 0.785021875
0 0.6516265625000001 0.7937078125000001 0.6332968750000001 0.791390625 0.6329109375 0.7962171875 0.6502765625000001 0.8010421875000001 0.6516265625000001 0.7937078125000001
0 0.6552921875000001 0.798146875 0.6649390625 0.8020078125 0.6647468750000001 0.7933218750000001 0.6552921875000001 0.7921640625 0.6552921875000001 0.798146875
0 0.6635890625 0.8083765625 0.665325 0.8045156250000001 0.6553515625 0.8014187500000001 0.6547140625000001 0.807025 0.6635890625 0.8083765625
0 0.6622390625000001 0.80895625 0.6531703125 0.8072187500000001 0.6520125000000001 0.8116578125 0.662625 0.8133953125 0.6622390625000001 0.80895625
0 0.6647468750000001 0.81513125 0.6508546875000001 0.8110781250000001 0.6499265625 0.817478125 0.6630093750000001 0.8199578125000001 0.6647468750000001 0.81513125
0 0.7060359375 0.7703531250000001 0.6981250000000001 0.7691953125000001 0.6933265625 0.7996828125000001 0.6987031250000001 0.8010421875000001 0.7060359375 0.7703531250000001
0 0.7278375 0.7954453125000001 0.7042984375 0.7888828125 0.7039609375000001 0.7955609375 0.7220500000000001 0.8027796875000001 0.7278375 0.7954453125000001
0 0.7243640625000001 0.8029718750000001 0.7042984375 0.79583125 0.7020078125000001 0.8031546875000001 0.715296875 0.8076046875 0.7243640625000001 0.8029718750000001
0 0.7191546875000001 0.8083765625 0.7012125 0.8025859375 0.7014046875000001 0.8124296875000001 0.7183843750000001 0.8116578125 0.7191546875000001 0.8083765625
0 0.7143312500000001 0.8166765625000001 0.6979328125 0.8139734375000001 0.6979328125 0.8230453125000001 0.71163125 0.8222734375 0.7143312500000001 0.8166765625000001
0 0.715296875 0.8234312500000001 0.6985109375 0.8213078125 0.6972328125 0.8263750000000001 0.7145250000000001 0.829221875 0.715296875 0.8234312500000001
0 0.7135609375 0.8299937500000001 0.696775 0.8269062500000001 0.6968000000000001 0.8354890625 0.70854375 0.835590625 0.7135609375 0.8299937500000001
0 0.701171875 0.7041015625 0.0126953125 0.0166015625
0 0.75390625 0.7119140625 0.0146484375 0.0234375
0 0.77734375 0.748046875 0.015625 0.0185546875
0 0.7666015625 0.7802734375 0.03515625 0.021484375
0 0.765846875 0.8125984375 0.7517625 0.8046843750000001 0.746746875 0.8116328125000001 0.7629531250000001 0.8172296875000001 0.765846875 0.8125984375
0 0.7598656250000001 0.8170375000000001 0.7423078125 0.8110531249999999 0.7411515625 0.8197390625000001 0.7596734375 0.822828125 0.7598656250000001 0.8170375000000001
0 0.76218125 0.8230203125 0.7421156250000001 0.8210906250000001 0.74171875 0.8272421875 0.7602515625 0.8286171875000001 0.76218125 0.8230203125
0 0.7625671875000001 0.8342156250000001 0.7396078125000001 0.830934375 0.7382468750000001 0.8385265625000001 0.7596734375 0.8403921875 0.7625671875000001 0.8342156250000001
0 0.7608312500000001 0.8400062500000001 0.73999375 0.8365312500000001 0.735209375 0.8441687500000001 0.7565859375 0.8513937500000002 0.7608312500000001 0.8400062500000001
0 0.8030843750000001 0.8000515625000001 0.7940156250000001 0.799859375 0.7924984375 0.8111843750000001 0.7990328125 0.8124046875 0.8030843750000001 0.8000515625000001
0 0.81138125 0.80236875 0.8034703125 0.8021750000000001 0.8037828125000002 0.8144390625 0.8090656250000001 0.8149140625 0.81138125 0.80236875
0 0.8218000000000001 0.80371875 0.8135031250000001 0.8039125 0.8111609375000001 0.816175 0.8169765625000001 0.8166515625000001 0.8218000000000001 0.80371875
0 0.8270093749999999 0.8058421875000001 0.817940625 0.8058421875000001 0.8178875 0.8179109375 0.825271875 0.818775 0.8270093749999999 0.8058421875000001
0 0.8005765625000001 0.8398125000000001 0.7920875 0.8396203125 0.788375 0.8487265625 0.7949812500000001 0.8512000000000001 0.8005765625000001 0.8398125000000001
0 0.8063640625 0.8436734375000001 0.7986468750000001 0.8423218750000001 0.7959703125 0.8537171875 0.804434375 0.854675 0.8063640625 0.8436734375000001
0 0.8098375000000001 0.8403921875 0.8055921875 0.84135625 0.8046500000000001 0.8548015625000001 0.808871875 0.8550609375000001 0.8098375000000001 0.8403921875
0 0.8086787781584054 0.8589692044146555 0.8129250000000001 0.85930625 0.8183265625000001 0.845409375 0.810609375 0.843865625 0.8086787781584054 0.8589692044146555
0 0.81581875 0.8446375 0.814853125 0.8598859375000001 0.82179375 0.858925 0.8229578125 0.8457953125 0.81581875 0.8446375
0 0.8129250000000001 0.8427078125 0.8160109375 0.8286171875000001 0.8102921875 0.8261578125 0.8036625000000002 0.8396203125 0.8129250000000001 0.8427078125
0 0.8163968750000001 0.8419359375000002 0.8202562500000001 0.83344375 0.8160109375 0.8328640625000001 0.8111875 0.8405843750000002 0.8163968750000001 0.8419359375000002
0 0.9321781250000001 0.6382328125000001 0.944571875 0.62704375 0.8734703125 0.6021843750000001 0.8614406250000001 0.624321875 0.9321781250000001 0.6382328125000001
0 0.7151281250000001 0.527853125 0.6864671875 0.52704375 0.69426875 0.5432750000000001 0.7151281250000001 0.527853125
0 0.3508890625 0.41573750000000004 0.356934375 0.40606093750000005 0.3036234375 0.3941015625 0.30312500000000003 0.4042453125 0.3508890625 0.41573750000000004
0 0.39290781250000006 0.3655375 0.38111875 0.36432656250000006 0.383184375 0.3811828125 0.39260625000000005 0.38428593750000006 0.39290781250000006 0.3655375