0 0.44921875 0.025390625 0.451171875 0.02734375 0.451171875 0.041015625 0.447265625 0.044921875 0.44140625 0.044921875 0.439453125 0.0390625 0.44140625 0.029296875 0.447265625 0.025390625
0 0.7509765625 0.216796875 0.0234375 0.013671875
0 0.818359375 0.27734375 0.818359375 0.28125 0.814453125 0.283203125 0.80859375 0.283203125 0.802734375 0.28125 0.802734375 0.279296875 0.8125 0.275390625 0.81640625 0.27734375
0 0.6328125 0.560546875 0.638671875 0.560546875 0.638671875 0.568359375 0.634765625 0.5703125 0.630859375 0.5703125 0.630859375 0.564453125 0.6328125 0.5625
0 0.544921875 0.142578125 0.564453125 0.1484375 0.607421875 0.150390625 0.61328125 0.154296875 0.609375 0.154296875 0.60546875 0.158203125 0.59375 0.158203125 0.591796875 0.16015625 0.55859375 0.16015625 0.556640625 0.158203125 0.5390625 0.158203125 0.537109375 0.15625 0.525390625 0.15625 0.5234375 0.154296875 0.4921875 0.154296875 0.431640625 0.138671875 0.4296875 0.13671875 0.431640625 0.130859375 0.453125 0.130859375 0.455078125 0.1328125 0.486328125 0.1328125 0.48828125 0.134765625 0.50390625 0.134765625 0.505859375 0.13671875 0.521484375 0.13671875 0.54296875 0.142578125
0 0.59765625 0.537109375 0.599609375 0.54296875 0.591796875 0.546875 0.58984375 0.544921875 0.58984375 0.5390625 0.595703125 0.537109375
0 0.96484375 0.216796875 0.966796875 0.2109375 0.982421875 0.212890625 0.982421875 0.21875 0.96875 0.21875 0.966796875 0.216796875
0 0.763671875 0.212890625 0.765625 0.21484375 0.787109375 0.21875 0.794921875 0.224609375 0.806640625 0.2265625 0.806640625 0.23046875 0.796875 0.23046875 0.787109375 0.2265625 0.76953125 0.2265625 0.767578125 0.224609375 0.744140625 0.220703125 0.740234375 0.216796875 0.7421875 0.2109375 0.76171875 0.212890625
0 0.0419921875 0.24609375 0.052734375 0.0205078125
0 0.3515625 0.326171875 0.357421875 0.32421875 0.361328125 0.328125 0.365234375 0.328125 0.365234375 0.34765625 0.359375 0.353515625 0.3515625 0.34765625 0.349609375 0.341796875 0.3515625 0.328125
0 0.6494140625 0.515625 0.0107421875 0.0126953125
0 0.2109375 0.255859375 0.21484375 0.2578125 0.21484375 0.263671875 0.2109375 0.267578125 0.208984375 0.267578125 0.2109375 0.2578125
0 0.326171875 0.33203125 0.330078125 0.337890625 0.326171875 0.349609375 0.3203125 0.349609375 0.3203125 0.3359375 0.32421875 0.333984375
0 0.326171875 0.333984375 0.330078125 0.337890625 0.326171875 0.34765625 0.326171875 0.357421875 0.318359375 0.369140625 0.318359375 0.380859375 0.314453125 0.3828125 0.306640625 0.375 0.306640625 0.3515625 0.3125 0.341796875 0.3125 0.337890625 0.32421875 0.333984375
0 0.576171875 0.6640625 0.57421875 0.673828125 0.568359375 0.677734375 0.5625 0.677734375 0.5625 0.671875 0.57421875 0.6640625
0 0.546875 0.6015625 0.55078125 0.599609375 0.556640625 0.599609375 0.55859375 0.6015625 0.556640625 0.607421875 0.55078125 0.61328125 0.546875 0.609375 0.546875 0.603515625
0 0.0234375 0.21875 0.03125 0.21875 0.033203125 0.220703125 0.033203125 0.224609375 0.029296875 0.228515625 0.0234375 0.228515625 0.021484375 0.2265625 0.0234375 0.220703125
0 0.7578125 0.373046875 0.759765625 0.375 0.759765625 0.380859375 0.755859375 0.384765625 0.75390625 0.3828125 0.75390625 0.376953125 0.755859375 0.375
0 0.181640625 0.140625 0.19140625 0.146484375 0.189453125 0.150390625 0.169921875 0.150390625 0.16796875 0.14453125 0.1796875 0.140625
0 0.498046875 0.08984375 0.505859375 0.099609375 0.4765625 0.099609375 0.47265625 0.09765625 0.470703125 0.091796875 0.4765625 0.087890625 0.494140625 0.087890625 0.49609375 0.08984375
0 0.1279296875 0.27734375 0.015625 0.0107421875
0 0.3125 0.33984375 0.318359375 0.337890625 0.31640625 0.34375 0.318359375 0.353515625 0.3125 0.36328125 0.30859375 0.365234375 0.306640625 0.36328125 0.30859375 0.34765625 0.3125 0.341796875
0 0.67578125 0.275390625 0.677734375 0.2734375 0.6875 0.2734375 0.6875 0.279296875 0.677734375 0.279296875 0.677734375 0.27734375
0 0.796875 0.341796875 0.806640625 0.341796875 0.818359375 0.345703125 0.818359375 0.349609375 0.814453125 0.3515625 0.8046875 0.3515625 0.802734375 0.349609375 0.796875 0.349609375 0.796875 0.34375
0 0.58984375 0.482421875 0.0107421875 0.0126953125
0 0.552734375 0.4609375 0.55859375 0.4609375 0.560546875 0.466796875 0.556640625 0.4765625 0.55078125 0.4765625 0.548828125 0.474609375 0.548828125 0.46875 0.552734375 0.462890625
0 0.46875 0.728515625 0.482421875 0.724609375 0.50390625 0.7109375 0.513671875 0.7109375 0.513671875 0.71484375 0.521484375 0.7265625 0.5234375 0.740234375 0.529296875 0.75 0.529296875 0.759765625 0.52734375 0.76171875 0.505859375 0.765625 0.478515625 0.779296875 0.46875 0.779296875 0.4609375 0.767578125 0.458984375 0.751953125 0.451171875 0.74609375 0.453125 0.73828125 0.46875 0.73046875
0 0.2543109375 0.365965625 0.25551875 0.35570625 0.249021875 0.3562671875 0.2500890625 0.36717343750000003 0.2543109375 0.365965625
0 0.8146843750000001 0.9976421875 0.81163125 0.9919171875 0.8042781250000002 0.99489375 0.808196875 0.9984375000000001 0.8146843750000001 0.9976421875
0 0.843975 0.6195546875 0.8500796875000001 0.6126828125000001 0.8453515625 0.605171875 0.83825 0.6130656250000001 0.843975 0.6195546875
0 0.723065625 0.4618562500000001 0.7299359375000001 0.4580390625 0.7226093750000001 0.4480421875 0.7173421875 0.4557484375 0.723065625 0.4618562500000001
0 0.68105 0.084471875 0.680434375 0.07892343750000001 0.6579406250000001 0.07800000000000001 0.6582484375000001 0.08293125000000001 0.68105 0.084471875
0 0.5141390625 0.038235937500000004 0.514446875 0.0289875 0.5101328125000001 0.021898437500000003 0.5063375 0.0270375 0.5070515624999999 0.037618750000000006 0.5141390625 0.038235937500000004
0 0.4971921875 0.0373109375 0.4971921875 0.026214062500000003 0.4941109375 0.021590625000000002 0.49052656250000004 0.0270375 0.49102968750000003 0.037618750000000006 0.4971921875 0.0373109375
0 0.4866515625 0.07800000000000001 0.4866515625 0.0690609375 0.48242812500000004 0.069071875 0.4817218750000001 0.07892343750000001 0.4866515625 0.07800000000000001
0 0.648678125 0.0363859375 0.6483703125 0.032070312499999996 0.6359093750000001 0.0312796875 0.6357375000000001 0.036078125 0.648678125 0.0363859375
0 0.5889015625 0.0083359375 0.5882843750000001 0.0030953125000000004 0.5780640625000001 0.0038984375000000004 0.5784250000000001 0.0083359375 0.5889015625 0.0083359375
0 0.56425 0.024671875 0.5633265625 0.02128125 0.5529984375 0.020867187500000002 0.5546984375 0.026214062500000003 0.56425 0.024671875
0 0.63160625 0.027754687500000003 0.6337640625000001 0.023131250000000003 0.6247265625 0.022023437500000003 0.6232875 0.0271390625 0.63160625 0.027754687500000003
0 0.684296875 0.065053125 0.6861453125 0.0561140625 0.666375 0.0551890625 0.6667328125 0.0662859375 0.684296875 0.065053125
0 0.9691937500000001 0.0856625 0.97135 0.08011406250000001 0.9579140625000001 0.077940625 0.959025 0.0847390625 0.9691937500000001 0.0856625