0 0.623046875 0.451171875 0.625 0.466796875 0.62109375 0.470703125 0.615234375 0.474609375 0.6015625 0.474609375 0.59765625 0.478515625 0.587890625 0.482421875 0.5703125 0.48046875 0.564453125 0.47265625 0.564453125 0.46875 0.5703125 0.46484375 0.576171875 0.453125 0.591796875 0.451171875 0.59375 0.44921875 0.62109375 0.451171875
0 0.998046875 0.185546875 0.998046875 0.20703125 0.99609375 0.208984375 0.994140625 0.20703125 0.986328125 0.20703125 0.9765625 0.201171875 0.9765625 0.189453125 0.978515625 0.1875 0.99609375 0.185546875
0 0.3807328125 0.5995578125 0.3799703125 0.5630078125 0.28440781249999997 0.618309375 0.303825 0.6300171875 0.3807328125 0.5995578125
0 0.9845734374999999 0.6155484375000001 0.9918078124999999 0.5923250000000001 0.9236562500000001 0.5588203125 0.91985 0.576334375 0.9845734374999999 0.6155484375000001
0 0.8581703125000001 0.5793796875 0.860075 0.561484375 0.8440843750000001 0.5596765625 0.8414187500000001 0.57785625 0.8581703125000001 0.5793796875
0 0.44697968750000006 0.44383906250000005 0.45002500000000006 0.39777031250000006 0.43479687499999997 0.40167343750000006 0.43974531250000004 0.44155468750000004 0.44697968750000006 0.44383906250000005
0 0.44697968750000006 0.33647187500000003 0.4473609375 0.3052515625 0.43822343750000003 0.3042046875 0.4370812500000001 0.33571093750000003 0.44697968750000006 0.33647187500000003
0 0.5177953125 0.46325625 0.512846875 0.44916875000000006 0.4542140625 0.452690625 0.4557359375 0.4643984375 0.5177953125 0.46325625
0 0.8113406250000001 0.17085312500000002 0.8105796875 0.1628578125 0.7873546875 0.1644765625 0.788496875 0.16818906250000001 0.8113406250000001 0.17085312500000002
0 0.9137578125 0.4754390625 0.908046875 0.4861 0.9133765625000001 0.489240625 0.9179453125000001 0.47734375 0.9137578125 0.4754390625
0 0.9602078125000001 0.48800312500000004 0.9571609375 0.5081828125000001 0.96591875 0.5113234375000001 0.9651562500000002 0.48876562500000004 0.9602078125000001 0.48800312500000004