0 0.671875 0.078125 0.67578125 0.076171875 0.685546875 0.078125 0.69140625 0.0859375 0.69140625 0.091796875 0.685546875 0.09375 0.68359375 0.099609375 0.669921875 0.11328125 0.662109375 0.12890625 0.654296875 0.134765625 0.630859375 0.1640625 0.626953125 0.1640625 0.623046875 0.158203125 0.626953125 0.138671875 0.6328125 0.130859375 0.6328125 0.126953125 0.640625 0.119140625 0.650390625 0.1015625 0.671875 0.080078125
0 0.615234375 0.015625 0.62109375 0.021484375 0.62109375 0.02734375 0.615234375 0.033203125 0.615234375 0.037109375 0.611328125 0.0390625 0.611328125 0.04296875 0.607421875 0.046875 0.607421875 0.052734375 0.6015625 0.056640625 0.591796875 0.072265625 0.568359375 0.087890625 0.5625 0.083984375 0.5625 0.078125 0.578125 0.05859375 0.578125 0.0546875 0.58984375 0.044921875 0.59765625 0.03125 0.6015625 0.029296875 0.6015625 0.025390625 0.61328125 0.015625
0 0.6328125 0.048828125 0.63671875 0.05078125 0.63671875 0.056640625 0.630859375 0.064453125 0.630859375 0.068359375 0.626953125 0.0703125 0.623046875 0.08203125 0.615234375 0.08984375 0.61328125 0.095703125 0.607421875 0.1015625 0.607421875 0.10546875 0.599609375 0.11328125 0.599609375 0.1171875 0.583984375 0.13671875 0.578125 0.138671875 0.5703125 0.1328125 0.5703125 0.119140625 0.587890625 0.08984375 0.6015625 0.07421875 0.619140625 0.056640625 0.630859375 0.05078125
0 0.6875 0.201171875 0.708984375 0.203125 0.732421875 0.216796875 0.732421875 0.23046875 0.73046875 0.232421875 0.72265625 0.232421875 0.712890625 0.2265625 0.701171875 0.224609375 0.69140625 0.216796875 0.6875 0.216796875 0.6875 0.203125
0 0.755859375 0.1328125 0.771484375 0.140625 0.779296875 0.150390625 0.779296875 0.15625 0.771484375 0.162109375 0.765625 0.162109375 0.75390625 0.154296875 0.751953125 0.150390625 0.75390625 0.134765625
0 0.693359375 0.0859375 0.701171875 0.0859375 0.703125 0.087890625 0.701171875 0.095703125 0.67578125 0.123046875 0.671875 0.123046875 0.66796875 0.126953125 0.662109375 0.126953125 0.671875 0.109375 0.693359375 0.087890625
0 0.58984375 0.021484375 0.591796875 0.0234375 0.591796875 0.029296875 0.583984375 0.0390625 0.583984375 0.04296875 0.578125 0.052734375 0.560546875 0.07421875 0.560546875 0.078125 0.552734375 0.08984375 0.5390625 0.103515625 0.53515625 0.103515625 0.53125 0.099609375 0.533203125 0.08203125 0.5390625 0.0703125 0.546875 0.0625 0.5546875 0.048828125 0.5625 0.04296875 0.5625 0.0390625 0.57421875 0.029296875 0.578125 0.021484375 0.580078125 0.01953125 0.5859375 0.01953125 0.587890625 0.021484375
0 0.654296875 0.05078125 0.662109375 0.0546875 0.662109375 0.064453125 0.654296875 0.0703125 0.654296875 0.07421875 0.638671875 0.09375 0.63671875 0.099609375 0.6328125 0.1015625 0.630859375 0.107421875 0.625 0.109375 0.623046875 0.11328125 0.6171875 0.115234375 0.609375 0.123046875 0.60546875 0.12109375 0.60546875 0.111328125 0.609375 0.107421875 0.609375 0.103515625 0.6171875 0.095703125 0.6328125 0.06640625 0.63671875 0.0625 0.64453125 0.060546875 0.65234375 0.052734375
0 0.703125 0.1015625 0.712890625 0.09375 0.720703125 0.1015625 0.724609375 0.1015625 0.74609375 0.125 0.744140625 0.130859375 0.73828125 0.134765625 0.734375 0.134765625 0.7109375 0.119140625 0.703125 0.111328125 0.703125 0.103515625
0 0.6796531250000001 0.223903125 0.6718031250000001 0.20683437500000001 0.6608796875 0.20034687500000004 0.5267328125 0.2839890625 0.5276921875 0.28350625 0.5448234375000001 0.308228125 0.6796531250000001 0.223903125
0 0.4540265625 0.383334375 0.5373140625 0.32427343750000004 0.519053125 0.30110625 0.43661875 0.3594375 0.4540265625 0.383334375