0 0.1953125 0.5390625 0.197265625 0.54296875 0.19140625 0.55078125 0.1875 0.55078125 0.1875 0.541015625 0.193359375 0.5390625
0 0.396484375 0.146484375 0.39453125 0.154296875 0.388671875 0.158203125 0.388671875 0.162109375 0.37890625 0.171875 0.375 0.171875 0.375 0.166015625 0.39453125 0.146484375
0 0.1875 0.6015625 0.0068359375 0.0087890625
0 0.2099609375 0.5927734375 0.009765625 0.015625
0 0.173828125 0.580078125 0.005859375 0.0078125
0 0.150390625 0.58203125 0.013671875 0.0087890625
0 0.123046875 0.5625 0.0107421875 0.01171875
0 0.126953125 0.583984375 0.0087890625 0.017578125
0 0.130859375 0.6123046875 0.0078125 0.0224609375
0 0.1357421875 0.6171875 0.0087890625 0.013671875
0 0.14453125 0.6005859375 0.009765625 0.0126953125
0 0.150390625 0.591796875 0.009765625 0.0126953125
0 0.1611328125 0.59375 0.0068359375 0.0087890625
0 0.1708984375 0.5927734375 0.005859375 0.009765625
0 0.1669921875 0.5986328125 0.0078125 0.0078125
0 0.1572265625 0.6044921875 0.0068359375 0.009765625
0 0.1689453125 0.6064453125 0.0078125 0.009765625
0 0.181640625 0.609375 0.0087890625 0.009765625
0 0.18359375 0.619140625 0.0087890625 0.0087890625
0 0.2412109375 0.59765625 0.0087890625 0.01171875