0 0.5517562500000001 0.817415625 0.5542015625000001 0.8887765625 0.5619468750000001 0.8504453125 0.5566468750000001 0.8015109375 0.54511875 0.8009953125 0.5460484375 0.8133374999999999 0.5517562500000001 0.817415625
0 0.40949375000000005 0.8451437500000001 0.4143859375 0.8394343750000002 0.40582500000000005 0.8312796875 0.36815000000000003 0.8399640625 0.36587812500000005 0.8496296875000001 0.40949375000000005 0.8451437500000001
0 0.40460312500000006 0.8586015625000001 0.41153281249999996 0.8504453125 0.40745625 0.8463671875 0.3704421875 0.8514265625 0.36873125 0.8581937500000001 0.40460312500000006 0.8586015625000001
0 0.3569109375 0.8496296875000001 0.35935625000000004 0.8443281250000001 0.3503890625 0.8378046875000001 0.31267500000000004 0.8335468750000001 0.31370156250000003 0.846775 0.3569109375 0.8496296875000001
0 0.256634375 0.815784375 0.29454375000000005 0.8153765625 0.29617343749999997 0.8015109375 0.253075 0.8023703125000001 0.245628125 0.810075 0.256634375 0.815784375
0 0.25622656250000003 0.8235312499999999 0.2925046875 0.824346875 0.293728125 0.815784375 0.25536718750000004 0.8152078125 0.24929687500000003 0.8194531250000001 0.25622656250000003 0.8235312499999999
0 0.9152359375 0.2799453125 0.911915625 0.27611093750000004 0.8996968750000001 0.27905 0.8999078125000001 0.28352343750000003 0.9152359375 0.2799453125
0 0.5198328125 0.9482171875000001 0.516465625 0.9378296875000001 0.5114140625 0.9296890625 0.5084953125 0.93843125 0.51225625 0.9487796875000001 0.5198328125 0.9482171875000001
0 0.502153125 0.9866796875000001 0.5041171875 0.9675890625 0.4971015625 0.9673078125000001 0.49485625000000005 0.9866796875000001 0.502153125 0.9866796875000001
0 0.5027140625000001 0.9633781250000001 0.503275 0.949059375 0.4971328125000001 0.948215625 0.49569843750000003 0.9647812500000001 0.5027140625000001 0.9633781250000001
0 0.5191093750000001 0.9173984375 0.5230375 0.8486171875 0.5116515625 0.8487890625000001 0.5078828125 0.9168375 0.5191093750000001 0.9173984375