0 0.92578125 0.486328125 0.9296875 0.4921875 0.9296875 0.49609375 0.921875 0.501953125 0.91015625 0.505859375 0.89453125 0.505859375 0.8828125 0.509765625 0.869140625 0.509765625 0.859375 0.513671875 0.84375 0.513671875 0.841796875 0.501953125 0.849609375 0.49609375 0.857421875 0.49609375 0.8671875 0.4921875 0.88671875 0.4921875 0.90625 0.486328125 0.923828125 0.486328125
0 0.8046875 0.4453125 0.80859375 0.44921875 0.814453125 0.462890625 0.814453125 0.46875 0.810546875 0.474609375 0.798828125 0.474609375 0.794921875 0.470703125 0.77734375 0.474609375 0.7734375 0.47265625 0.7734375 0.46875 0.765625 0.458984375 0.765625 0.451171875 0.76953125 0.44921875 0.779296875 0.44921875 0.7890625 0.4453125 0.802734375 0.4453125
0 0.73046875 0.78515625 0.1513671875 0.0576171875
0 0.71875 0.841796875 0.7265625 0.8359375 0.740234375 0.8359375 0.75 0.828125 0.7578125 0.828125 0.765625 0.822265625 0.783203125 0.8203125 0.78515625 0.818359375 0.794921875 0.822265625 0.794921875 0.830078125 0.796875 0.83203125 0.794921875 0.83984375 0.791015625 0.841796875 0.78125 0.841796875 0.7734375 0.845703125 0.765625 0.845703125 0.759765625 0.849609375 0.751953125 0.849609375 0.73828125 0.857421875 0.732421875 0.857421875 0.73046875 0.859375 0.72265625 0.859375 0.716796875 0.85546875 0.71484375 0.8515625 0.71875 0.84375
0 0.765625 0.5625 0.771484375 0.56640625 0.7890625 0.568359375 0.791015625 0.5703125 0.791015625 0.576171875 0.7734375 0.583984375 0.765625 0.583984375 0.751953125 0.58984375 0.736328125 0.591796875 0.724609375 0.599609375 0.71875 0.599609375 0.708984375 0.607421875 0.701171875 0.607421875 0.69921875 0.60546875 0.69921875 0.59375 0.705078125 0.580078125 0.712890625 0.5703125 0.72265625 0.568359375 0.7265625 0.564453125 0.736328125 0.564453125 0.740234375 0.568359375 0.75 0.568359375 0.763671875 0.5625
0 0.849609375 0.681640625 0.8515625 0.68359375 0.857421875 0.68359375 0.859375 0.681640625 0.88671875 0.681640625 0.888671875 0.68359375 0.888671875 0.693359375 0.8828125 0.697265625 0.876953125 0.697265625 0.8671875 0.701171875 0.857421875 0.701171875 0.833984375 0.708984375 0.81640625 0.708984375 0.814453125 0.703125 0.8203125 0.6953125 0.826171875 0.6953125 0.84765625 0.681640625
0 0.935546875 0.552734375 0.939453125 0.556640625 0.935546875 0.568359375 0.927734375 0.568359375 0.90625 0.576171875 0.8984375 0.576171875 0.892578125 0.58203125 0.880859375 0.583984375 0.87109375 0.58984375 0.861328125 0.58984375 0.861328125 0.58203125 0.8671875 0.5703125 0.87890625 0.56640625 0.8828125 0.5625 0.900390625 0.560546875 0.923828125 0.552734375 0.93359375 0.552734375
0 0.892578125 0.912109375 0.8984375 0.90625 0.91015625 0.904296875 0.9140625 0.900390625 0.931640625 0.8984375 0.9453125 0.890625 0.970703125 0.884765625 0.978515625 0.89453125 0.974609375 0.904296875 0.9609375 0.904296875 0.947265625 0.912109375 0.9375 0.912109375 0.919921875 0.919921875 0.8984375 0.919921875 0.89453125 0.9140625
0 0.560546875 0.412109375 0.56640625 0.4140625 0.572265625 0.421875 0.572265625 0.42578125 0.568359375 0.431640625 0.556640625 0.4375 0.546875 0.431640625 0.546875 0.423828125 0.5546875 0.4140625 0.55859375 0.4140625
0 0.970703125 0.6953125 0.98046875 0.69921875 0.982421875 0.703125 0.982421875 0.708984375 0.974609375 0.716796875 0.96484375 0.716796875 0.958984375 0.720703125 0.955078125 0.720703125 0.951171875 0.724609375 0.9296875 0.7265625 0.919921875 0.732421875 0.904296875 0.732421875 0.8984375 0.724609375 0.900390625 0.720703125 0.9140625 0.7109375 0.919921875 0.7109375 0.94140625 0.703125 0.94921875 0.703125 0.962890625 0.697265625 0.96875 0.697265625
0 0.755859375 0.404296875 0.7578125 0.40625 0.755859375 0.412109375 0.7421875 0.419921875 0.734375 0.421875 0.732421875 0.42578125 0.71875 0.427734375 0.716796875 0.416015625 0.71875 0.4140625 0.728515625 0.416015625 0.74609375 0.40625 0.75390625 0.40625
0 0.998046875 0.716796875 0.998046875 0.751953125 0.99609375 0.75390625 0.990234375 0.755859375 0.98828125 0.75390625 0.986328125 0.755859375 0.97265625 0.755859375 0.958984375 0.76171875 0.9453125 0.763671875 0.931640625 0.76953125 0.916015625 0.771484375 0.9140625 0.7734375 0.87890625 0.771484375 0.875 0.76171875 0.884765625 0.751953125 0.892578125 0.75 0.90625 0.7421875 0.916015625 0.7421875 0.9296875 0.734375 0.939453125 0.734375 0.95703125 0.7265625 0.96484375 0.7265625 0.982421875 0.71875 0.99609375 0.716796875
0 0.904296875 0.46875 0.90625 0.470703125 0.912109375 0.470703125 0.9140625 0.474609375 0.912109375 0.482421875 0.896484375 0.48828125 0.875 0.490234375 0.873046875 0.4921875 0.859375 0.4921875 0.845703125 0.498046875 0.8359375 0.498046875 0.828125 0.501953125 0.822265625 0.501953125 0.8125 0.5078125 0.8046875 0.5078125 0.802734375 0.505859375 0.802734375 0.5 0.810546875 0.498046875 0.822265625 0.486328125 0.828125 0.484375 0.833984375 0.484375 0.841796875 0.48046875 0.849609375 0.48046875 0.859375 0.4765625 0.876953125 0.4765625 0.892578125 0.470703125 0.90234375 0.470703125
0 0.84375 0.9765625 0.8515625 0.966796875 0.861328125 0.9609375 0.869140625 0.9609375 0.875 0.95703125 0.880859375 0.95703125 0.884765625 0.953125 0.890625 0.953125 0.90625 0.9453125 0.912109375 0.9453125 0.91796875 0.94140625 0.923828125 0.94140625 0.931640625 0.9375 0.943359375 0.9375 0.9453125 0.935546875 0.96484375 0.93359375 0.974609375 0.9296875 0.98046875 0.9296875 0.98828125 0.9375 0.990234375 0.955078125 0.970703125 0.96484375 0.95703125 0.966796875 0.94140625 0.974609375 0.92578125 0.974609375 0.923828125 0.9765625 0.8984375 0.9765625 0.896484375 0.978515625 0.89453125 0.9765625 0.861328125 0.9765625 0.859375 0.978515625 0.845703125 0.9765625
0 0.8984375 0.69140625 0.89453125 0.685546875 0.89453125 0.681640625 0.900390625 0.673828125 0.912109375 0.671875 0.9296875 0.6640625 0.939453125 0.6640625 0.953125 0.658203125 0.962890625 0.658203125 0.974609375 0.671875 0.974609375 0.67578125 0.962890625 0.677734375 0.943359375 0.685546875 0.93359375 0.685546875 0.90625 0.693359375 0.900390625 0.69140625
0 0.904659375 0.5973265625 0.9610734375000001 0.579478125 0.9562515625 0.5664546875 0.8953609375 0.5830484375 0.8892296875 0.5949140625 0.904659375 0.5973265625
0 0.8400484375 0.4574421875 0.83811875 0.4482781250000001 0.8167265625000001 0.45018125 0.8144921875 0.46130156250000004 0.8400484375 0.4574421875
0 0.8670500000000001 0.4473125 0.8593343750000001 0.440078125 0.8438421875 0.44313125 0.8477625 0.4550296875 0.8670500000000001 0.4473125
0 0.8863359375000001 0.44875937500000007 0.8829609375 0.43862968750000003 0.8646390625000001 0.440078125 0.8665671875 0.451171875 0.8863359375000001 0.44875937500000007
0 0.7076156250000001 0.829878125 0.734134375 0.8289125 0.8638406249999999 0.79080625 0.8551609375 0.7647593750000001 0.7360640625000001 0.8038296875000001 0.7082625 0.821125 0.7052046875000001 0.8187828125 0.7076156250000001 0.829878125
0 0.941459375 0.8458828125000001 0.9342265625 0.829 0.8058796875 0.8623406250000001 0.8151296875 0.8820593750000001 0.941459375 0.8458828125000001
0 0.928440625 0.8251421875 0.9356734375000001 0.8116359375000001 0.9289234375 0.805846875 0.8096765625 0.8417328125 0.8141656250000001 0.8593890625 0.928440625 0.8251421875
0 0.9135500000000001 0.7848609375 0.80891875 0.8123546875000001 0.7997578125000001 0.822484375 0.8021671874999999 0.8287546875 0.8118109375 0.8306843750000001 0.91644375 0.795471875 0.9135500000000001 0.7848609375
0 0.9814125000000001 0.8496687500000001 0.983340625 0.8409859375000001 0.9712875000000001 0.8400203125000001 0.9013265625000001 0.857459375 0.91005 0.8733031250000001 0.9814125000000001 0.8496687500000001
0 0.9984375000000001 0.82555 0.9984375000000001 0.8081859375000001 0.9553750000000001 0.8260328124999999 0.9606796875000001 0.8405031250000001 0.9984375000000001 0.82555
0 0.80800625 0.40747500000000003 0.8316328125000001 0.400721875 0.8417593750000001 0.3905921875 0.8118640625 0.39493437500000006 0.8026265625000001 0.40083125 0.8031843750000001 0.4026515625 0.80800625 0.40747500000000003
0 0.8336062500000001 0.3863703125 0.8731171875 0.37762500000000004 0.8689218750000001 0.3699296875 0.83331875 0.37678750000000005 0.8287125 0.3849703125 0.8336062500000001 0.3863703125
0 0.79449375 0.42991406249999997 0.8091796875 0.429215625 0.8392484375000001 0.4204703125 0.8336546875 0.4117265625 0.7979250000000001 0.421225 0.8007875000000001 0.4211703125 0.79449375 0.42991406249999997
0 0.8682703125 0.4155734375 0.8679203125000001 0.40822812500000005 0.8430953125 0.4117265625 0.8451921875 0.42152031250000005 0.8682703125 0.4155734375
0 0.86966875 0.3625515625 0.8640734375 0.35520625 0.8384312500000001 0.3622359375 0.840646875 0.37059531250000005 0.86966875 0.3625515625
0 0.51570625 0.347509375 0.5218828125 0.3280234375 0.5188265625 0.3240953125 0.5095296875 0.34394531250000004 0.51570625 0.347509375
0 0.5097671874999999 0.359865625 0.51309375 0.35107343750000003 0.5095296875 0.346559375 0.5043046875 0.35440000000000005 0.5097671874999999 0.359865625
0 0.1520046875 0.2780296875 0.148103125 0.2734765625 0.1350671875 0.2779640625 0.13748125 0.2834515625 0.1520046875 0.2780296875
0 0.8915640625000001 0.612975 0.957890625 0.5994906249999999 0.9640953125 0.5838656249999999 0.8971265625 0.5979921874999999 0.89951875 0.59970625 0.8855734375000002 0.6071953125 0.8915640625000001 0.612975
0 0.839815625 0.5672171875 0.9260390625 0.5423890625000001 0.9350250000000001 0.532971875 0.9253968750000001 0.5256937500000001 0.8343046875000001 0.5523 0.830828125 0.5595125000000001 0.839815625 0.5672171875
0 0.78333125 0.5667890625 0.8609968750000001 0.5441015625000001 0.8573593750000001 0.5289046875000001 0.7835296875000001 0.5491718750000001 0.7741296875 0.5625078125 0.78333125 0.5667890625
0 0.8253593750000001 0.478346875 0.8435453125000001 0.4721390625 0.844615625 0.4612234375 0.8186640625000001 0.46205937500000005 0.8182984375000001 0.4738515625 0.8253593750000001 0.478346875
0 0.8069593749999999 0.41819375000000003 0.830065625 0.41305625 0.8302796875 0.40214062500000003 0.8085562500000001 0.4076734375 0.8058890625 0.4122 0.8069593749999999 0.41819375000000003