0 0.2890625 0.798828125 0.302734375 0.8125 0.306640625 0.8203125 0.30078125 0.828125 0.2890625 0.826171875 0.27734375 0.8125 0.28125 0.80078125 0.287109375 0.798828125
0 0.333984375 0.369140625 0.34765625 0.375 0.376953125 0.3984375 0.380859375 0.3984375 0.384765625 0.404296875 0.400390625 0.4140625 0.41796875 0.4296875 0.435546875 0.439453125 0.439453125 0.4453125 0.443359375 0.4453125 0.466796875 0.46875 0.466796875 0.47265625 0.470703125 0.4765625 0.474609375 0.4765625 0.474609375 0.482421875 0.4765625 0.484375 0.474609375 0.498046875 0.470703125 0.498046875 0.4609375 0.505859375 0.455078125 0.505859375 0.451171875 0.5 0.4453125 0.498046875 0.43359375 0.486328125 0.421875 0.48046875 0.419921875 0.4765625 0.4140625 0.474609375 0.40625 0.466796875 0.3984375 0.462890625 0.396484375 0.458984375 0.392578125 0.458984375 0.376953125 0.443359375 0.365234375 0.435546875 0.361328125 0.435546875 0.35546875 0.427734375 0.3515625 0.427734375 0.34765625 0.421875 0.341796875 0.419921875 0.326171875 0.404296875 0.322265625 0.404296875 0.3125 0.39453125 0.3125 0.38671875 0.3203125 0.373046875 0.326171875 0.369140625 0.33203125 0.369140625
0 0.525390625 0.431640625 0.529296875 0.435546875 0.537109375 0.4375 0.5390625 0.44140625 0.544921875 0.44140625 0.546875 0.4453125 0.55078125 0.4453125 0.560546875 0.455078125 0.56640625 0.46484375 0.560546875 0.47265625 0.544921875 0.466796875 0.515625 0.443359375 0.513671875 0.431640625 0.515625 0.4296875 0.521484375 0.4296875 0.5234375 0.431640625
0 0.4140625 0.2421875 0.423828125 0.2421875 0.431640625 0.248046875 0.443359375 0.251953125 0.4609375 0.265625 0.466796875 0.267578125 0.470703125 0.2734375 0.474609375 0.2734375 0.5234375 0.3125 0.529296875 0.314453125 0.537109375 0.322265625 0.541015625 0.333984375 0.541015625 0.33984375 0.537109375 0.345703125 0.529296875 0.349609375 0.517578125 0.345703125 0.513671875 0.341796875 0.509765625 0.341796875 0.505859375 0.3359375 0.494140625 0.33203125 0.474609375 0.3125 0.462890625 0.30859375 0.458984375 0.302734375 0.455078125 0.302734375 0.421875 0.2734375 0.41796875 0.265625 0.41015625 0.2578125 0.408203125 0.251953125 0.4140625 0.244140625
0 0.509765625 0.51171875 0.544921875 0.541015625 0.546875 0.548828125 0.54296875 0.552734375 0.5390625 0.552734375 0.529296875 0.544921875 0.525390625 0.544921875 0.494140625 0.51953125 0.494140625 0.51171875 0.498046875 0.5078125 0.50390625 0.5078125 0.5078125 0.51171875
0 0.380859375 0.25 0.3828125 0.251953125 0.396484375 0.251953125 0.412109375 0.26171875 0.419921875 0.2734375 0.435546875 0.2890625 0.443359375 0.29296875 0.44921875 0.30078125 0.462890625 0.310546875 0.470703125 0.3125 0.4765625 0.3203125 0.48046875 0.3203125 0.494140625 0.333984375 0.501953125 0.3359375 0.525390625 0.359375 0.529296875 0.359375 0.53515625 0.3671875 0.552734375 0.380859375 0.556640625 0.388671875 0.564453125 0.396484375 0.564453125 0.40625 0.55859375 0.419921875 0.55078125 0.427734375 0.53125 0.427734375 0.525390625 0.42578125 0.51953125 0.419921875 0.515625 0.419921875 0.50390625 0.412109375 0.5 0.412109375 0.49609375 0.40625 0.470703125 0.388671875 0.466796875 0.380859375 0.45703125 0.373046875 0.453125 0.373046875 0.447265625 0.365234375 0.42578125 0.349609375 0.412109375 0.333984375 0.40625 0.333984375 0.3984375 0.326171875 0.390625 0.322265625 0.388671875 0.318359375 0.384765625 0.318359375 0.380859375 0.310546875 0.376953125 0.310546875 0.3515625 0.287109375 0.349609375 0.279296875 0.361328125 0.2578125 0.369140625 0.25 0.375 0.248046875 0.37890625 0.25
0 0.369140625 0.6171875 0.373046875 0.615234375 0.388671875 0.6171875 0.396484375 0.625 0.408203125 0.6328125 0.412109375 0.6328125 0.41796875 0.640625 0.423828125 0.642578125 0.4296875 0.6484375 0.4375 0.65234375 0.443359375 0.65234375 0.4453125 0.65625 0.453125 0.65625 0.455078125 0.662109375 0.458984375 0.6640625 0.458984375 0.669921875 0.4609375 0.671875 0.4609375 0.68359375 0.458984375 0.685546875 0.44921875 0.685546875 0.44140625 0.6796875 0.4375 0.6796875 0.396484375 0.646484375 0.392578125 0.646484375 0.388671875 0.640625 0.3828125 0.638671875 0.373046875 0.62890625 0.369140625 0.623046875 0.369140625 0.619140625
0 0.244140625 0.8115234375 0.0185546875 0.029296875
0 0.365234375 0.4375 0.37890625 0.447265625 0.37890625 0.453125 0.375 0.455078125 0.37109375 0.455078125 0.361328125 0.44921875 0.359375 0.439453125 0.36328125 0.4375
0 0.490234375 0.1484375 0.49609375 0.154296875 0.5234375 0.166015625 0.5234375 0.169921875 0.529296875 0.1796875 0.529296875 0.19140625 0.525390625 0.19140625 0.517578125 0.185546875 0.5078125 0.18359375 0.484375 0.162109375 0.48046875 0.150390625 0.482421875 0.1484375 0.48828125 0.1484375
0 0.408203125 0.59375 0.4140625 0.59765625 0.41796875 0.59765625 0.421875 0.6015625 0.42578125 0.6015625 0.431640625 0.609375 0.435546875 0.609375 0.4453125 0.6171875 0.451171875 0.619140625 0.48046875 0.64453125 0.482421875 0.65234375 0.4765625 0.658203125 0.474609375 0.6640625 0.466796875 0.6640625 0.458984375 0.65625 0.451171875 0.654296875 0.427734375 0.630859375 0.423828125 0.630859375 0.41796875 0.623046875 0.4140625 0.623046875 0.40625 0.615234375 0.40625 0.611328125 0.400390625 0.60546875 0.3984375 0.599609375 0.400390625 0.59375 0.40625 0.59375
0 0.32421875 0.662109375 0.34375 0.6640625 0.357421875 0.671875 0.361328125 0.677734375 0.369140625 0.677734375 0.373046875 0.681640625 0.375 0.689453125 0.380859375 0.6953125 0.3828125 0.69140625 0.388671875 0.6953125 0.390625 0.701171875 0.39453125 0.69921875 0.400390625 0.70703125 0.40625 0.7109375 0.412109375 0.7109375 0.41796875 0.720703125 0.41796875 0.7265625 0.412109375 0.734375 0.404296875 0.73828125 0.39453125 0.736328125 0.376953125 0.716796875 0.328125 0.677734375 0.328125 0.673828125 0.32421875 0.669921875 0.32421875 0.6640625
0 0 0.59375 0.005859375 0.603515625 0.005859375 0.615234375 0 0.6171875 0 0.595703125
0 0.251953125 0.783203125 0.26953125 0.798828125 0.271484375 0.802734375 0.271484375 0.80859375 0.26953125 0.810546875 0.26171875 0.810546875 0.2421875 0.79296875 0.2421875 0.78515625 0.24609375 0.78125 0.25 0.783203125
0 0 0.640625 0.009765625 0.640625 0.013671875 0.646484375 0.013671875 0.650390625 0 0.662109375 0 0.642578125
0 0.54296875 0.203125 0.552734375 0.201171875 0.560546875 0.205078125 0.564453125 0.2109375 0.568359375 0.2109375 0.572265625 0.216796875 0.578125 0.21875 0.583984375 0.224609375 0.5859375 0.23046875 0.583984375 0.236328125 0.578125 0.236328125 0.5703125 0.232421875 0.568359375 0.228515625 0.564453125 0.228515625 0.55078125 0.216796875 0.546875 0.216796875 0.541015625 0.208984375 0.54296875 0.205078125
0 0.94140625 0 0.98046875 0 0.984375 0.005859375 0.990234375 0.005859375 0.998046875 0.01171875 0.998046875 0.072265625 0.9921875 0.072265625 0.98828125 0.068359375 0.9765625 0.064453125 0.974609375 0.060546875 0.970703125 0.060546875 0.9453125 0.033203125 0.93359375 0.015625 0.93359375 0.0078125 0.94140625 0.001953125
0 0.447265625 0.158203125 0.44921875 0.15625 0.455078125 0.15625 0.46875 0.1640625 0.47265625 0.1640625 0.48046875 0.169921875 0.48828125 0.16796875 0.50390625 0.18359375 0.509765625 0.1875 0.513671875 0.1875 0.515625 0.193359375 0.521484375 0.197265625 0.521484375 0.20703125 0.51171875 0.212890625 0.5078125 0.212890625 0.5 0.208984375 0.49609375 0.203125 0.48046875 0.193359375 0.46484375 0.177734375 0.453125 0.169921875 0.453125 0.166015625 0.44921875 0.16015625
0 0.591796875 0.400390625 0.603515625 0.408203125 0.599609375 0.423828125 0.591796875 0.43359375 0.58203125 0.439453125 0.576171875 0.431640625 0.578125 0.41796875 0.5859375 0.408203125 0.5859375 0.404296875 0.58984375 0.40234375
0 0.26507968750000005 0.6705859375000001 0.2742515625 0.6792203125 0.347359375 0.7339906250000001 0.35059687500000003 0.7326421875000001 0.35815 0.7194218750000001 0.35032656250000005 0.7099781250000001 0.2799171875 0.6587140625000001 0.2668171875 0.6565296875 0.26507968750000005 0.663571875 0.26507968750000005 0.6705859375000001
0 0.3180390625 0.6259562500000001 0.3258625 0.63836875 0.33449375000000003 0.6464625 0.4348484375 0.715803125 0.44375000000000003 0.7163421875 0.449684375 0.7168828125000001 0.4523828125 0.7036625000000001 0.45049374999999997 0.6936796875 0.328559375 0.604103125 0.3173984375 0.6163171875 0.3164203125 0.613815625 0.3180390625 0.6259562500000001
0 0.393671875 0.5859078125 0.40679375000000007 0.5935625 0.4252 0.60249375 0.435953125 0.609784375 0.456546875 0.6230906250000001 0.46401875 0.6223625 0.46857499999999996 0.6130656250000001 0.46875781250000004 0.61015 0.46529375000000006 0.6068687500000001 0.455453125 0.6048640625 0.4465234375 0.59903125 0.43814062500000006 0.5933796875 0.4275703125 0.5871828125 0.41444843750000004 0.5795281250000001 0.4060640625 0.5744234375 0.4020546875 0.57114375 0.38455937500000004 0.5592953125000001 0.376540625 0.5552859375 0.36943281250000004 0.5560140625 0.36887500000000006 0.5562921875 0.37508281250000003 0.5715078125 0.393671875 0.5859078125
0 0.507575 0.6174984375000001 0.5190562500000001 0.6036453125000001 0.4430609375000001 0.54221875 0.4312140625 0.5351109375 0.42013125000000007 0.5352765625 0.4235609375 0.549875 0.507575 0.6174984375000001
0 0.468790625 0.44263125000000003 0.46623906249999997 0.4493765625 0.4644171875 0.4566671875 0.46970312500000005 0.46322812500000005 0.5577265625 0.5341328125000001 0.57576875 0.5437937500000001 0.5816015625000001 0.5474390625 0.591259375 0.5310343750000001 0.5932640625000001 0.5248375000000001 0.58141875 0.5117140625000001 0.5761328125 0.507703125 0.479759375 0.44335625 0.4737125 0.44317812500000003 0.468790625 0.44263125000000003
0 0.3674671875 0.331021875 0.459425 0.404296875 0.46675000000000005 0.39949531250000003 0.470034375 0.3855984375 0.36317187500000003 0.2986796875 0.34365625 0.298640625 0.3464984375 0.3133359375 0.3674671875 0.331021875
0 0.6030140625 0.29735312500000005 0.6138765625 0.2821921875 0.5330343750000001 0.21953125 0.5170234375 0.21882500000000002 0.5284875000000001 0.24100781250000003 0.6030140625 0.29735312500000005