0 0.8359375 0.693359375 0.84375 0.6875 0.8515625 0.6875 0.859375 0.68359375 0.869140625 0.68359375 0.873046875 0.6953125 0.869140625 0.705078125 0.859375 0.703125 0.84375 0.708984375 0.837890625 0.70703125 0.8359375 0.6953125
0 0.890625 0.9375 0.904296875 0.935546875 0.9140625 0.9296875 0.935546875 0.927734375 0.947265625 0.921875 0.9609375 0.921875 0.96484375 0.927734375 0.958984375 0.935546875 0.94140625 0.935546875 0.935546875 0.939453125 0.931640625 0.939453125 0.927734375 0.943359375 0.9140625 0.943359375 0.904296875 0.947265625 0.890625 0.947265625 0.888671875 0.9453125 0.890625 0.939453125
0 0.8857421875 0.837890625 0.0908203125 0.0283203125
0 0.939453125 0.7265625 0.943359375 0.73046875 0.943359375 0.740234375 0.9375 0.748046875 0.916015625 0.75390625 0.91015625 0.75390625 0.904296875 0.748046875 0.900390625 0.748046875 0.900390625 0.740234375 0.91015625 0.734375 0.916015625 0.734375 0.9375 0.7265625
0 0.142578125 0.6162109375 0.017578125 0.0107421875
0 0.732421875 0.8984375 0.73828125 0.90234375 0.73828125 0.90625 0.73046875 0.912109375 0.724609375 0.912109375 0.70703125 0.919921875 0.70703125 0.9140625 0.712890625 0.90625 0.73046875 0.900390625
0 0.923828125 0.9208984375 0.0732421875 0.029296875
0 0.564453125 0.75 0.572265625 0.7578125 0.572265625 0.763671875 0.568359375 0.76953125 0.560546875 0.7734375 0.5546875 0.7734375 0.546875 0.76953125 0.546875 0.76171875 0.556640625 0.75 0.5625 0.75
0 0.826171875 0.875 0.83203125 0.8828125 0.83203125 0.88671875 0.826171875 0.892578125 0.81640625 0.896484375 0.806640625 0.896484375 0.791015625 0.904296875 0.78125 0.90234375 0.77734375 0.8984375 0.77734375 0.892578125 0.78125 0.888671875 0.791015625 0.8828125 0.802734375 0.8828125 0.818359375 0.875 0.82421875 0.875
0 0.77734375 0.90234375 0.791015625 0.90625 0.791015625 0.912109375 0.787109375 0.916015625 0.779296875 0.919921875 0.771484375 0.919921875 0.763671875 0.923828125 0.744140625 0.927734375 0.73828125 0.931640625 0.724609375 0.935546875 0.71484375 0.943359375 0.69921875 0.943359375 0.703125 0.921875 0.712890625 0.908203125 0.72265625 0.90625 0.73046875 0.900390625 0.740234375 0.90625 0.755859375 0.904296875 0.759765625 0.900390625 0.775390625 0.90234375
0 0.8671875 0.90625 0.87890625 0.904296875 0.890625 0.8984375 0.896484375 0.8984375 0.908203125 0.890625 0.919921875 0.890625 0.921875 0.888671875 0.9375 0.890625 0.9375 0.8984375 0.93359375 0.904296875 0.92578125 0.904296875 0.9140625 0.908203125 0.908203125 0.912109375 0.8984375 0.9140625 0.890625 0.919921875 0.880859375 0.919921875 0.87109375 0.927734375 0.86328125 0.927734375 0.861328125 0.92578125 0.861328125 0.91796875 0.8671875 0.908203125
0 0.7578125 0.7421875 0.7578125 0.74609375 0.74609375 0.755859375 0.73828125 0.7578125 0.732421875 0.763671875 0.72265625 0.763671875 0.720703125 0.765625 0.716796875 0.76171875 0.716796875 0.75390625 0.71875 0.751953125 0.7265625 0.75390625 0.740234375 0.748046875 0.744140625 0.744140625 0.755859375 0.7421875
0 0.927734375 0.861328125 0.93359375 0.8671875 0.93359375 0.875 0.92578125 0.8828125 0.904296875 0.888671875 0.896484375 0.888671875 0.884765625 0.89453125 0.865234375 0.896484375 0.849609375 0.904296875 0.8359375 0.904296875 0.83203125 0.89453125 0.845703125 0.880859375 0.853515625 0.876953125 0.859375 0.876953125 0.861328125 0.875 0.859375 0.873046875 0.861328125 0.869140625 0.87109375 0.8671875 0.875 0.87109375 0.87890625 0.87109375 0.880859375 0.8671875 0.88671875 0.8671875 0.888671875 0.865234375 0.90234375 0.8671875 0.908203125 0.86328125 0.92578125 0.861328125
0 0.7734375 0.810546875 0.7734375 0.806640625 0.765625 0.796875 0.765625 0.7890625 0.767578125 0.787109375 0.779296875 0.787109375 0.796875 0.78125 0.802734375 0.78125 0.806640625 0.78515625 0.810546875 0.791015625 0.814453125 0.806640625 0.810546875 0.810546875 0.796875 0.810546875 0.794921875 0.80859375 0.775390625 0.810546875
0 0.849609375 0.716796875 0.0439453125 0.0205078125
0 0.52415625 0.6662546875 0.52075625 0.6619250000000001 0.5107781250000001 0.6829312500000001 0.5145734375000001 0.6845890625000001 0.52415625 0.6662546875
0 0.8775921875 0.7302953125 0.875428125 0.7163796875 0.8009234375000001 0.7336984375000001 0.799378125 0.7398828125 0.8056312500000001 0.7462125000000001 0.8639890625 0.7330796875000001 0.8775921875 0.7302953125
0 0.871409375 0.7405015625 0.7947406250000001 0.7565828125 0.7965921875 0.7702046875 0.8763546875 0.751325 0.871409375 0.7405015625
0 0.9168531249999999 0.8153437500000001 0.9149984375000001 0.8082296875000001 0.908196875 0.8076109375 0.8198875 0.8240984375 0.8204000000000001 0.8348265625 0.9168531249999999 0.8153437500000001