0 0.62890625 0.5078125 0.62890625 0.50390625 0.6328125 0.498046875 0.6484375 0.482421875 0.650390625 0.482421875 0.650390625 0.486328125 0.64453125 0.49609375 0.638671875 0.5 0.63671875 0.505859375 0.630859375 0.5078125
0 0.4462890625 0.880859375 0.0107421875 0.0126953125
0 0.3779296875 0.896484375 0.005859375 0.017578125
0 0.3779296875 0.919921875 0.0078125 0.01171875
0 0.4033203125 0.9169921875 0.009765625 0.015625
0 0.4248046875 0.9130859375 0.013671875 0.0107421875
0 0.4638671875 0.9296875 0.0166015625 0.015625
0 0.42578125 0.927734375 0.01171875 0.013671875
0 0.443359375 0.9384765625 0.0107421875 0.0107421875
0 0.435546875 0.9462890625 0.009765625 0.013671875
0 0.4404296875 0.9541015625 0.0078125 0.0126953125
0 0.4208984375 0.935546875 0.0107421875 0.0087890625
0 0.41796875 0.9296875 0.009765625 0.0087890625
0 0.4052734375 0.927734375 0.0166015625 0.0078125
0 0.3974609375 0.9345703125 0.0126953125 0.0087890625
0 0.4140625 0.94140625 0.009765625 0.01171875
0 0.4951171875 0.935546875 0.009765625 0.0087890625