0 0.38671875 0.498046875 0.0263671875 0.0419921875
0 0.1904296875 0.8818359375 0.0126953125 0.0166015625
0 0.17578125 0.9130859375 0.0087890625 0.015625
0 0.2099609375 0.9287109375 0.0126953125 0.0166015625
0 0.1865234375 0.9375 0.0087890625 0.013671875
0 0.1728515625 0.9296875 0.0068359375 0.01171875
0 0.1640625 0.931640625 0.0068359375 0.0078125
0 0.1494140625 0.9267578125 0.0107421875 0.0107421875
0 0.1494140625 0.9189453125 0.0078125 0.0087890625
0 0.1259765625 0.8984375 0.013671875 0.0078125
0 0.126953125 0.923828125 0.0068359375 0.01171875
0 0.158203125 0.9423828125 0.0087890625 0.0078125
0 0.14453125 0.9384765625 0.0126953125 0.005859375
0 0.18359375 0.9462890625 0.0126953125 0.00390625
0 0.169921875 0.943359375 0.0048828125 0.009765625
0 0.1279296875 0.9462890625 0.0146484375 0.0224609375
0 0.138671875 0.9541015625 0.0078125 0.0146484375
0 0.2421875 0.9345703125 0.005859375 0.009765625