0 0.9765625 0.431640625 0.990234375 0.4296875 0.99609375 0.43359375 0.998046875 0.4375 0.998046875 0.44921875 0.99609375 0.453125 0.978515625 0.474609375 0.974609375 0.4765625 0.97265625 0.482421875 0.96875 0.484375 0.966796875 0.490234375 0.951171875 0.509765625 0.951171875 0.513671875 0.9453125 0.517578125 0.935546875 0.533203125 0.931640625 0.537109375 0.921875 0.537109375 0.919921875 0.533203125 0.919921875 0.5234375 0.9296875 0.494140625 0.9375 0.486328125 0.953125 0.4609375 0.9765625 0.43359375
0 0.986328125 0.3203125 0.998046875 0.30859375 0.998046875 0.33984375 0.990234375 0.34375 0.984375 0.34375 0.982421875 0.3359375 0.986328125 0.322265625
0 0.94140625 0.40625 0.9453125 0.404296875 0.9453125 0.400390625 0.9609375 0.376953125 0.9765625 0.36328125 0.984375 0.3515625 0.9921875 0.345703125 0.998046875 0.345703125 0.998046875 0.3828125 0.990234375 0.390625 0.98828125 0.396484375 0.984375 0.3984375 0.982421875 0.404296875 0.974609375 0.4140625 0.974609375 0.41796875 0.9453125 0.455078125 0.943359375 0.4609375 0.935546875 0.46875 0.935546875 0.47265625 0.9296875 0.478515625 0.927734375 0.484375 0.912109375 0.5 0.912109375 0.50390625 0.90234375 0.5078125 0.888671875 0.505859375 0.890625 0.484375 0.900390625 0.46484375 0.90625 0.458984375 0.90625 0.453125 0.91015625 0.451171875 0.916015625 0.439453125 0.9296875 0.42578125 0.94140625 0.408203125
0 0.3828125 0.6171875 0.390625 0.623046875 0.40234375 0.626953125 0.404296875 0.630859375 0.404296875 0.650390625 0.3984375 0.65625 0.38671875 0.693359375 0.3828125 0.6953125 0.3828125 0.701171875 0.373046875 0.734375 0.3515625 0.732421875 0.349609375 0.734375 0.349609375 0.740234375 0.333984375 0.75390625 0.328125 0.75390625 0.32421875 0.748046875 0.32421875 0.744140625 0.328125 0.734375 0.328125 0.7265625 0.333984375 0.712890625 0.3359375 0.69921875 0.341796875 0.69140625 0.34375 0.68359375 0.3515625 0.669921875 0.3515625 0.66015625 0.357421875 0.654296875 0.3671875 0.630859375 0.380859375 0.619140625
0 0.9609375 0.650390625 0.9765625 0.6484375 0.98046875 0.654296875 0.98046875 0.66015625 0.974609375 0.666015625 0.966796875 0.669921875 0.9609375 0.669921875 0.951171875 0.677734375 0.947265625 0.677734375 0.943359375 0.68359375 0.93359375 0.6875 0.919921875 0.697265625 0.9140625 0.697265625 0.91015625 0.693359375 0.91015625 0.689453125 0.916015625 0.6796875 0.919921875 0.6796875 0.921875 0.67578125 0.93359375 0.671875 0.9609375 0.65234375
0 0.998046875 0.216796875 0.998046875 0.294921875 0.994140625 0.302734375 0.990234375 0.3046875 0.990234375 0.30859375 0.984375 0.314453125 0.982421875 0.322265625 0.974609375 0.328125 0.974609375 0.33203125 0.966796875 0.33984375 0.958984375 0.341796875 0.94921875 0.349609375 0.943359375 0.349609375 0.94140625 0.3515625 0.927734375 0.349609375 0.92578125 0.34765625 0.92578125 0.341796875 0.9296875 0.333984375 0.931640625 0.3203125 0.9375 0.3125 0.94140625 0.296875 0.9453125 0.294921875 0.9453125 0.2890625 0.951171875 0.28515625 0.96875 0.255859375 0.9765625 0.248046875 0.9765625 0.244140625 0.982421875 0.240234375 0.984375 0.234375 0.9921875 0.224609375 0.9921875 0.220703125 0.99609375 0.21875
0 0.4141046875 0.5703609375 0.417528125 0.6036281250000001 0.4312218750000001 0.591396875 0.4864843750000001 0.46175 0.473040625 0.44669843750000005 0.4581187500000001 0.4578359375 0.4141046875 0.5703609375
0 0.9928640625 0.5758359375000001 0.9253750000000001 0.6164421875000001 0.921878125 0.6315140625 0.9984375000000001 0.5875781250000001 0.9928640625 0.5758359375000001
0 0.9097250000000001 0.5773046875000001 0.8956919985010837 0.5976501544171153 0.9195062500000001 0.6037234375 0.9984375000000001 0.5503953125 0.9984375000000001 0.5229984375 0.9097250000000001 0.5773046875000001
0 0.9984375000000001 0.799546875 0.9984375000000001 0.7866062500000001 0.9508015625000001 0.8112843750000001 0.9450796875 0.8205953125000001 0.9532078125000001 0.823925 0.9984375000000001 0.799546875
0 0.9974328125 0.778178125 0.9974328125 0.7724609375 0.9884078125000001 0.7733625000000001 0.9264687500000002 0.8060453125000001 0.9276359375000001 0.8148968750000001 0.9974328125 0.778178125
0 0.99653125 0.7631296875000001 0.9905140625 0.75560625 0.92139375 0.7948796875 0.9252296875000001 0.80225625 0.99653125 0.7631296875000001