0 0.20568593750000003 0.8764578125 0.22187500000000002 0.8696390625 0.22187500000000002 0.8611140625000001 0.16052812500000002 0.8065625000000001 0.1437484375 0.8131906250000001 0.1498765625 0.8321343750000001 0.20568593750000003 0.8764578125
0 0.36885468750000006 0.9970687500000001 0.38972968750000003 0.9672359374999999 0.2653296875 0.8700640625 0.2386234375 0.8726078125000001 0.256809375 0.9135359375000001 0.36885468750000006 0.9970687500000001
0 0.2951515625 0.9957890625 0.31602656250000005 0.978315625 0.1779953125 0.872621875 0.16243593750000002 0.8745234375000002 0.165640625 0.895209375 0.2951515625 0.9957890625
0 0.158396875 0.8602625 0.11153437500000002 0.8202 0.10386562500000002 0.8295765625 0.1439125 0.8721953125000002 0.158396875 0.8602625
0 0.128415625 0.880771875 0.139065625 0.869690625 0.10877031250000001 0.8443375 0.0951859375 0.8590359375000001 0.128415625 0.880771875
0 0.48684062499999997 0.9984375000000001 0.5217734375 0.9984375000000001 0.45829687500000005 0.94999375 0.432734375 0.9427484375000001 0.4298078125 0.946878125 0.43827343750000003 0.9640578125 0.48684062499999997 0.9984375000000001
0 0.4746328125 0.8762625 0.5589859375 0.9316671875000001 0.576878125 0.9337984375 0.587103125 0.9248484375000001 0.5709140625 0.8979984375000001 0.46952031250000004 0.8315125000000001 0.45520468750000004 0.8314 0.44821875000000005 0.841315625 0.4746328125 0.8762625
0 0.5864953125000001 0.7988578125000001 0.6704218750000001 0.799284375 0.6738312500000001 0.79416875 0.66871875 0.7843671875 0.586015625 0.7806078125 0.5758453125 0.7924640625000001 0.5864953125000001 0.7988578125000001
0 0.5447453125 0.7544421875 0.6141875 0.7518859375 0.6137609375 0.736115625 0.5376203125 0.73365 0.5268515625 0.7450656250000001 0.5447453125 0.7544421875
0 0.5255734375000001 0.7327062500000001 0.6120562500000001 0.7284453125 0.6112046875 0.715659375 0.524203125 0.7168796875000001 0.50768125 0.726740625 0.5255734375000001 0.7327062500000001
0 0.4914921875 0.6219890625 0.338975 0.6722796875000001 0.3512265625 0.6934 0.5034203125000001 0.6475609375000001 0.4914921875 0.6219890625
0 0.335140625 0.6594937500000001 0.35516406250000004 0.6590671875 0.4880828125 0.6194328125 0.47658125 0.5917296875 0.3382890625 0.6301515625 0.32832343750000004 0.6475609375000001 0.335140625 0.6594937500000001
0 0.5992765624999999 0.6390375 0.5945890625 0.6258250000000001 0.49880781250000006 0.6550671875 0.5034203125000001 0.66844375 0.5992765624999999 0.6390375
0 0.59118125 0.618640625 0.5933109375 0.6092640625 0.58606875 0.6079859375000001 0.528515625 0.6258390625 0.5315375000000001 0.6339828125000001 0.59118125 0.618640625
0 0.39904375000000003 0.5851109375 0.47189375 0.5633750000000001 0.4638 0.551015625 0.39222812500000004 0.573178125 0.39265312500000005 0.5723250000000001 0.392434375 0.57169375 0.3862640625 0.5817015625 0.39904375000000003 0.5851109375
0 0.394784375 0.5403484375 0.4701906250000001 0.513925 0.472746875 0.5041234375 0.45953906250000004 0.503696875 0.392434375 0.5261734375 0.38583750000000006 0.53395625 0.394784375 0.5403484375
0 0.3449390625 0.533103125 0.4318484375 0.5049750000000001 0.42971718750000004 0.49133750000000004 0.3491984375 0.5152031250000001 0.33982656250000004 0.5224484375 0.3449390625 0.533103125
0 0.526 0.47982968750000005 0.5281296875 0.47045312499999997 0.5217390625 0.460225 0.441646875 0.48707500000000004 0.4488890625 0.50284375 0.526 0.47982968750000005
0 0.42801406249999996 0.47215937500000005 0.405434375 0.46960156250000007 0.301484375 0.5019921875 0.30282968750000006 0.5189859375 0.4135296875 0.49091093750000003 0.42801406249999996 0.47215937500000005
0 0.28486875 0.4785515625000001 0.21201875000000003 0.5032703125000001 0.20562812500000002 0.51605625 0.2213921875 0.5245796875000001 0.21945625000000002 0.5232984375 0.2916859375 0.49815625 0.28486875 0.4785515625000001
0 0.502034375 0.512965625 0.4841875 0.515065625 0.46599218750000004 0.5220656250000001 0.4671578125 0.5305640625 0.5069328125 0.5199656250000001 0.502034375 0.512965625
0 0.29698281249999997 0.4195562500000001 0.2745875 0.41885625 0.2214 0.437759375 0.16210625 0.45211093750000003 0.14496093750000003 0.4685640625 0.17330468750000003 0.47766562500000004 0.22078750000000003 0.462478125 0.2976828125 0.441959375 0.29698281249999997 0.4195562500000001
0 0.36995781250000004 0.43307031250000005 0.390953125 0.4376203125 0.5088750000000001 0.397715625 0.5165734375000001 0.37951250000000003 0.494528125 0.3767125 0.37549687500000006 0.41525 0.36295937500000003 0.42256875000000005 0.36995781250000004 0.43307031250000005
0 0.19744843750000002 0.4936281250000001 0.2131953125 0.492228125 0.22229218750000002 0.492928125 0.3514125 0.4572234375 0.35736093750000003 0.4323703125 0.34721250000000003 0.42396875 0.2233421875 0.4610734375 0.1976078125 0.47703906250000006 0.19465 0.48137656250000005 0.19744843750000002 0.4936281250000001
0 0.38972968750000003 0.3886375 0.391828125 0.3949375 0.407575 0.3959875 0.4663609375 0.3781359375 0.473709375 0.36693437500000003 0.4597125 0.36378437500000005 0.3931671875 0.384159375 0.393928125 0.3826859375 0.38972968750000003 0.3886375
0 0.37993125000000005 0.34768125 0.3739828125 0.34348125 0.312746875 0.3620328125 0.30539843750000006 0.36728437500000005 0.31288125 0.3731390625 0.37713125000000003 0.3571328125 0.37993125000000005 0.34768125
0 0.3954546875 0.35132968750000004 0.45563906249999997 0.33557812500000006 0.452140625 0.32122500000000004 0.39001875 0.33850625 0.38355625000000004 0.3495796875 0.3954546875 0.35132968750000004
0 0.393909375 0.27453906250000004 0.4557875 0.258975 0.4497765625000001 0.245534375 0.3868375 0.2610984375 0.3766171875 0.2688859375 0.37976562500000005 0.27418593750000003 0.393909375 0.27453906250000004
0 0.19342187500000002 0.271003125 0.21004062499999998 0.267465625 0.2846484375 0.23704531250000002 0.28040625 0.2282015625 0.195665625 0.2569546875 0.1877640625 0.265696875 0.19342187500000002 0.271003125
0 0.195190625 0.2565 0.2609578125 0.232446875 0.2563609375 0.22395625 0.198846875 0.24462656250000003 0.19165468750000003 0.2540234375 0.195190625 0.2565
0 0.2022625 0.241996875 0.23055 0.2320921875 0.22559843750000003 0.2243109375 0.2008359375 0.2338890625 0.198371875 0.23952031250000003 0.2022625 0.241996875
0 0.28394218750000005 0.22784843750000003 0.35183125000000004 0.20591718750000002 0.346528125 0.18929218750000001 0.2720234375 0.21281093750000002 0.2676765625 0.22643281250000002 0.28394218750000005 0.22784843750000003
0 0.33450625 0.22784843750000003 0.4232578125 0.2027328125 0.42537812500000005 0.193890625 0.4176 0.18858437500000003 0.32253125 0.2171859375 0.32637343750000003 0.22643281250000002 0.33450625 0.22784843750000003
0 0.3578421875 0.2465953125 0.4282078125 0.22997031250000002 0.43174375 0.22112656249999998 0.4257328125 0.21794375000000002 0.35514218750000004 0.23667343750000003 0.35395312500000004 0.24411875 0.3578421875 0.2465953125
0 0.41644687500000005 0.163690625 0.4242250000000001 0.1548484375 0.410434375 0.147065625 0.33167812500000005 0.163496875 0.3351203125 0.176778125 0.41644687500000005 0.163690625
0 0.33405937500000005 0.156615625 0.402303125 0.14282031250000002 0.4037171875000001 0.13574687500000002 0.3945234375 0.133978125 0.31355 0.1491875 0.3093078125 0.152725 0.312190625 0.1507703125 0.3114296875 0.15697031250000001 0.33405937500000005 0.156615625
0 0.24884375 0.067540625 0.20782656249999998 0.0770921875 0.20958593749999999 0.09071875000000001 0.25344062500000003 0.071078125 0.24884375 0.067540625
0 0.3301703125 0.0513359375 0.2926890625 0.0591171875 0.2905671875 0.065484375 0.29976093750000005 0.069375 0.32769375 0.059824999999999996 0.3301703125 0.0513359375
0 0.3280484375 0.082109375 0.3269875 0.07609687500000001 0.29230625 0.083559375 0.2884453125 0.09130625 0.3280484375 0.082109375
0 0.33292348514079717 0.03462712022698454 0.36093281250000003 0.0258671875 0.358103125 0.018084375 0.3269875 0.027989062500000002 0.33292348514079717 0.03462712022698454
0 0.35987187500000006 0.032587500000000005 0.3230984375 0.040370312500000005 0.322928125 0.046575000000000005 0.3641140625 0.03824687500000001 0.35987187500000006 0.032587500000000005
0 0.34148437500000006 0.0623015625 0.32203750000000003 0.06300781250000001 0.32415781250000003 0.07255937500000001 0.3443140625 0.070790625 0.34148437500000006 0.0623015625
0 0.35845781250000003 0.0775109375 0.35492187500000005 0.07255937500000001 0.32770000000000005 0.0744125 0.33618125000000004 0.08104843750000001 0.35845781250000003 0.0775109375
0 0.35881093750000004 0.00829375 0.327340625 0.013246875 0.32663437500000003 0.0213828125 0.35881093750000004 0.0178453125 0.35881093750000004 0.00829375