0 0.0742140625 0.36282812500000006 0.10300625000000002 0.3551859375 0.10241875 0.34578125000000004 0.07468125 0.352625 0.0745078125 0.353421875 0.0742140625 0.36282812500000006
0 0.10623750000000001 0.363415625 0.10388750000000001 0.352246875 0.0740203125 0.36386093750000004 0.0742140625 0.3713515625 0.10623750000000001 0.363415625
0 0.10947031250000001 0.3784046875 0.10565000000000001 0.36723593750000005 0.0647671875 0.3807125 0.0683375 0.38781093750000006 0.10947031250000001 0.3784046875
0 0.08449687500000001 0.39310156250000006 0.0797953125 0.3883984375 0.0386625 0.39921875 0.040426562500000006 0.406621875 0.08449687500000001 0.39310156250000006
0 0.1132890625 0.39075000000000004 0.10917656250000002 0.379875 0.08426406250000001 0.38765312500000004 0.085965625 0.39515781250000004 0.1132890625 0.39075000000000004
0 0.091253125 0.406621875 0.086846875 0.39662812500000005 0.0416359375 0.40780937500000003 0.0433640625 0.418671875 0.091253125 0.406621875
0 0.07862031250000001 0.4210234375 0.07274375 0.41132343750000006 0.0330453125 0.4226796875 0.0363125 0.43130937500000005 0.07862031250000001 0.4210234375
0 0.07934235507578213 0.41128940502988653 0.0809703125 0.419553125 0.10741250000000001 0.4148515625 0.10476875000000002 0.40485781249999997 0.07934235507578213 0.41128940502988653
0 0.0586421875 0.496853125 0.1485453125 0.4786296875 0.1511890625 0.474221875 0.14296406250000002 0.4706953125 0.0730296875 0.4838125 0.05540937500000001 0.490975 0.0586421875 0.496853125
0 0.159415625 0.5009671875 0.1691125 0.49244375 0.156771875 0.4877421875 0.078315625 0.49934375 0.08126406250000001 0.5139 0.159415625 0.5009671875
0 0.08155781250000001 0.5322171875 0.017803125 0.5510281250000001 0.0113390625 0.562784375 0.025775 0.565434375 0.08390937500000001 0.5480890625 0.08155781250000001 0.5322171875
0 0.0042875000000000005 0.5854171874999999 0.030729687500000005 0.5763046875 0.0277921875 0.56778125 0.0013218750000000001 0.57435625 0.0010562500000000001 0.585121875 0.0042875000000000005 0.5854171874999999
0 0.07156875 0.5663125 0.08302812500000001 0.5669 0.16793593750000002 0.5410359375 0.16999375000000003 0.5295734375000001 0.156771875 0.5260453125 0.06939375 0.552546875 0.0683375 0.5589640625000001 0.07156875 0.5663125
0 0.10036250000000001 0.583653125 0.1100578125 0.584828125 0.1738125 0.56778125 0.1761625 0.560728125 0.17146250000000002 0.556025 0.1031 0.5746859375 0.09771718750000001 0.5792437500000001 0.10036250000000001 0.583653125
0 0.1365 0.5971734375 0.19761093750000003 0.5798328125000001 0.1946734375 0.571309375 0.1788078125 0.5704265625 0.1292046875 0.58426875 0.124746875 0.5948218749999999 0.1365 0.5971734375
0 0.1317984375 0.61245625 0.2008421875 0.595115625 0.1961421875 0.5813015625000001 0.1255703125 0.6021140625000001 0.121809375 0.6077546875000001 0.1317984375 0.61245625
0 0.12062656249999999 0.6811484375000001 0.05775312500000001 0.6979015625 0.05128906250000001 0.7058375 0.05863437500000001 0.7125984375000001 0.058159375000000006 0.7114921875000001 0.125915625 0.6937875 0.12062656249999999 0.6811484375000001
0 0.14677500000000002 0.6873218750000001 0.200834375 0.6735078125 0.19701562500000003 0.6599875000000001 0.13972343750000002 0.6752703125 0.1331703125 0.6840656250000001 0.1338484375 0.6873218750000001 0.14677500000000002 0.6873218750000001
0 0.1420734375 0.733171875 0.2087671875 0.7140671875 0.2211078125 0.70436875 0.2043609375 0.7014296875000001 0.1361453125 0.7190921875 0.1353171875 0.7193578125000001 0.1420734375 0.733171875
0 0.132671875 0.77314375 0.24696250000000003 0.7393437500000001 0.2593015625 0.7155375 0.24108593749999999 0.71524375 0.1367859375 0.744928125 0.113675 0.7580859375000001 0.11475 0.7704984375000001 0.132671875 0.77314375
0 0.10035468750000001 0.7911578125000001 0.0916109375 0.7633296875000001 0.000446875 0.7907515625000001 0.0006046875000000001 0.8249515625000001 0.10035468750000001 0.7911578125000001
0 0.04034531250000001 0.7557750000000001 0 0.7657140625000001 0.001340625 0.7862828125000001 0.043921875 0.7764484375 0.04034531250000001 0.7557750000000001
0 0.2700484375 0.8166015625 0.271240625 0.8042781250000002 0.2609078125 0.7999046875000001 0.187784375 0.826540625 0.1941421875 0.8384687500000001 0.2700484375 0.8166015625
0 0.2171921875 0.8503953125000001 0.2167953125 0.8416484375 0.2048734375 0.840853125 0.134540625 0.8609265625000001 0.13453125 0.8766343750000001 0.2171921875 0.8503953125000001
0 0.21441093750000004 0.9032703125 0.2104359375 0.8913437500000001 0.136328125 0.9109890625000001 0.13651875 0.9235453124999999 0.21441093750000004 0.9032703125
0 0.16694687500000002 0.8454296875000001 0.17606093750000001 0.8374890625000001 0.16400625000000002 0.83101875 0.08927968750000001 0.8544750000000001 0.093446875 0.8701359375 0.16694687500000002 0.8454296875000001
0 0.1625359375 0.8256953125000002 0.17194375 0.811578125 0.15606875 0.804225 0.0436484375 0.8435625 0.050523437500000004 0.8571640625000001 0.1625359375 0.8256953125000002
0 0.1930609375 0.8144156250000001 0.2921375 0.7823578125 0.27831875 0.7611828125 0.18688593750000002 0.798240625 0.174921875 0.804875 0.17659687500000001 0.8150046875 0.1930609375 0.8144156250000001
0 0.183209375 0.7934687500000001 0.275940625 0.7567125 0.26894062500000004 0.7435843750000001 0.154340625 0.7785906250000001 0.1554609375 0.779325 0.1604640625 0.79609375 0.183209375 0.7934687500000001
0 0.037184375 0.82786875 0.049628125 0.8295656250000001 0.1525703125 0.79929375 0.146065625 0.7845828125000001 0.04453750000000001 0.8123078125 0.035625000000000004 0.8232312500000001 0.0352046875 0.8233421875 0.037184375 0.82786875
0 0.3371734375 0.9544125 0.34068750000000003 0.9470640625 0.33461875 0.9441890625 0.2755328125 0.9638671875 0.2764890625 0.9719859375000001 0.3371734375 0.9544125
0 0.3416453125 0.9775265625 0.35697656250000004 0.9657046875000002 0.339409375 0.9621890625000001 0.26403750000000004 0.9857796875 0.2678640625 0.9984375000000001 0.3416453125 0.9775265625
0 0.2255125 0.9567531250000001 0.21490781250000002 0.92819375 0.0982671875 0.9632812500000001 0.08165 0.9700453124999999 0.0982671875 0.9956484375000001 0.2255125 0.9567531250000001
0 0.249059375 0.8503953125000001 0.20991562500000002 0.8598375000000001 0.2104703125 0.8645578125000001 0.21481875000000003 0.86555625 0.2510015625 0.8578937500000001 0.249059375 0.8503953125000001
0 0.194078125 0.6479421875 0.194078125 0.6446437500000001 0.18080937500000002 0.6472328125 0.1788265625 0.6520656250000001 0.194078125 0.6479421875
0 0.040001562500000004 0.4420375 0.0026984375000000003 0.45198906250000004 0.014606250000000001 0.47367187499999996 0.0482921875 0.4611109375 0.040001562500000004 0.4420375
0 0.20755468750000003 0.8841546875000001 0.19940312500000001 0.8865875000000001 0.1991484375 0.8916843750000001 0.2099859375 0.8871593750000001 0.20755468750000003 0.8841546875000001