0 0.99609375 0.095703125 0.998046875 0.107421875 0.9921875 0.107421875 0.986328125 0.115234375 0.98046875 0.119140625 0.9765625 0.119140625 0.974609375 0.123046875 0.96875 0.123046875 0.966796875 0.126953125 0.962890625 0.126953125 0.958984375 0.130859375 0.953125 0.130859375 0.943359375 0.138671875 0.931640625 0.138671875 0.9296875 0.13671875 0.9296875 0.12890625 0.93359375 0.125 0.974609375 0.1015625 0.98046875 0.1015625 0.98828125 0.095703125 0.994140625 0.095703125
0 0.654296875 0.5078125 0.65625 0.505859375 0.669921875 0.505859375 0.673828125 0.5078125 0.677734375 0.515625 0.677734375 0.5234375 0.669921875 0.533203125 0.666015625 0.533203125 0.65625 0.51953125 0.65625 0.509765625
0 0.650390625 0.45703125 0.658203125 0.4609375 0.6640625 0.4765625 0.662109375 0.494140625 0.650390625 0.5 0.6484375 0.498046875 0.6484375 0.4921875 0.64453125 0.490234375 0.638671875 0.478515625 0.6328125 0.47265625 0.6328125 0.4609375 0.63671875 0.4609375 0.642578125 0.45703125 0.6484375 0.45703125
0 0.7265625 0.478515625 0.732421875 0.486328125 0.732421875 0.4921875 0.73828125 0.501953125 0.736328125 0.505859375 0.73046875 0.505859375 0.71875 0.51171875 0.712890625 0.509765625 0.705078125 0.501953125 0.703125 0.490234375 0.70703125 0.486328125 0.724609375 0.478515625
0 0.34765625 0 0.392578125 0 0.388671875 0.017578125 0.380859375 0.03125 0.380859375 0.037109375 0.373046875 0.060546875 0.369140625 0.0625 0.3671875 0.060546875 0.353515625 0.060546875 0.349609375 0.064453125 0.349609375 0.068359375 0.33203125 0.08203125 0.328125 0.08203125 0.32421875 0.076171875 0.32421875 0.0703125 0.328125 0.0625 0.328125 0.056640625 0.333984375 0.048828125 0.333984375 0.02734375 0.3359375 0.021484375 0.34765625 0.001953125
0 0.587890625 0.375 0.591796875 0.375 0.599609375 0.384765625 0.599609375 0.396484375 0.595703125 0.396484375 0.587890625 0.380859375 0.587890625 0.376953125
0 0.6015625 0.40234375 0.60546875 0.400390625 0.61328125 0.404296875 0.619140625 0.40234375 0.630859375 0.4140625 0.62890625 0.443359375 0.623046875 0.4453125 0.619140625 0.443359375 0.61328125 0.4296875 0.609375 0.42578125 0.609375 0.421875 0.6015625 0.41015625 0.6015625 0.404296875
0 0.998046875 0.109375 0.998046875 0.126953125 0.99609375 0.12890625 0.986328125 0.130859375 0.982421875 0.134765625 0.970703125 0.138671875 0.9609375 0.146484375 0.9453125 0.146484375 0.9453125 0.142578125 0.953125 0.134765625 0.9609375 0.1328125 0.99609375 0.111328125
0 0.931640625 0.181640625 0.0361328125 0.0234375
0 0.955078125 0 0.951171875 0.005859375 0.9453125 0.005859375 0.92578125 0.021484375 0.919921875 0.0234375 0.91015625 0.021484375 0.91015625 0.015625 0.9140625 0.01171875 0.9140625 0.0078125 0.923828125 0 0.953125 0
0 0.9453125 0.1015625 0.951171875 0.1015625 0.9609375 0.09375 0.96484375 0.09375 0.97265625 0.087890625 0.98046875 0.0859375 0.986328125 0.080078125 0.99609375 0.080078125 0.998046875 0.08203125 0.998046875 0.087890625 0.994140625 0.091796875 0.96875 0.103515625 0.96484375 0.107421875 0.9609375 0.107421875 0.951171875 0.115234375 0.947265625 0.115234375 0.939453125 0.123046875 0.93359375 0.123046875 0.9296875 0.1171875 0.935546875 0.109375 0.9453125 0.103515625