0 0.42264999999999997 0.6913375 0.442815625 0.686953125 0.559434375 0.5229234375 0.55505 0.4887140625 0.5226078125 0.5023109375 0.420609375 0.6538984375000001 0.412565625 0.6838828125 0.42264999999999997 0.6913375
0 0.5020015625 0.761565625 0.5195390625 0.7567421875 0.61774375 0.6225359375 0.6230046875 0.5988531250000001 0.6164281250000001 0.59008125 0.5936296875 0.6010453125 0.505421875 0.72293125 0.49454843750000005 0.7536718750000001 0.5020015625 0.761565625
0 0.41037343750000005 0.8659875 0.41695000000000004 0.8756375000000001 0.43755468750000004 0.8554625 0.4910421875 0.7839734375 0.4884109375000001 0.7686234375000001 0.4733703125 0.7692828125000001 0.4217718750000001 0.8374796875 0.41037343750000005 0.8659875
0 0.37880781250000006 0.8449359375000001 0.40072812500000005 0.8436203125000001 0.5002484375 0.7094156250000001 0.502878125 0.6896796875 0.49235625000000005 0.681346875 0.466490625 0.6988890625 0.38510625 0.8166203125 0.38406875 0.8159906250000001 0.37880781250000006 0.8449359375000001
0 0.2830984375 0.9149859375 0.2826890625 0.905546875 0.218290625 0.8530250000000001 0.20926718750000003 0.865334375 0.208525 0.8664437500000001 0.27325468750000004 0.91580625 0.2830984375 0.9149859375
0 0.3803109375 0.929634375 0.384003125 0.937840625 0.41599687500000004 0.9337375 0.5070562500000001 0.8767015625000001 0.5127984375 0.858646875 0.49926250000000005 0.856184375 0.39029218750000005 0.9176515625000001 0.390565625 0.9165031250000001 0.3803109375 0.929634375
0 0.41353593750000006 0.9682062500000002 0.4873671875000001 0.9275828125000001 0.4885984375 0.9160937499999999 0.47506250000000005 0.9124000000000001 0.4028703125 0.949740625 0.400409375 0.9677953125000001 0.41353593750000006 0.9682062500000002
0 0.5119781250000001 0.9772328125 0.58211875 0.9423546875 0.5866296875 0.923890625 0.5702234375 0.9189656250000001 0.49547656250000005 0.9573265625 0.49598125000000004 0.9784640625000001 0.5119781250000001 0.9772328125
0 0.5964750000000001 0.9259421875 0.65595 0.8959875 0.64815625 0.8840875000000001 0.5895890625 0.9125765625 0.5833484375000001 0.9255312500000001 0.5964750000000001 0.9259421875
0 0.6567703125000001 0.9546656250000001 0.662103125 0.93250625 0.6448750000000001 0.9329171875000001 0.5508375 0.973934375 0.6096 0.9768234375000001 0.6567703125000001 0.9546656250000001
0 0.35118906250000004 0.9033734375 0.36226250000000004 0.88778125 0.35282968750000004 0.8828562500000001 0.32293593750000005 0.9028890625000001 0.3257578125 0.9160937499999999 0.35118906250000004 0.9033734375
0 0.4735125 0.6857984375 0.497053125 0.67559375 0.557865625 0.58610625 0.5295328125000001 0.573709375 0.4711578125 0.6681375 0.4735125 0.6857984375
0 0.5033296875 0.6920781250000001 0.5115703125 0.6920781250000001 0.5766984375 0.59788125 0.563359375 0.5857140625 0.5568921875 0.5918031250000001 0.49940625000000005 0.6791265625 0.5033296875 0.6920781250000001
0 0.406678125 0.17189218750000002 0.41434218749999996 0.1652625 0.40274374999999996 0.1596671875 0.3657140625 0.16541250000000002 0.36670625 0.1745859375 0.406678125 0.17189218750000002
0 0.40481406250000007 0.1845296875 0.4145484375 0.17645 0.4039859375 0.1727203125 0.36501562500000007 0.17566250000000003 0.368778125 0.185565625 0.40481406250000007 0.1845296875
0 0.3530375 0.1745859375 0.3559375 0.17023437500000002 0.352209375 0.164640625 0.31327343750000003 0.16298281250000002 0.31265156250000004 0.1762421875 0.3530375 0.1745859375
0 0.25217656250000003 0.1401921875 0.29173437500000005 0.13915625 0.293184375 0.1298328125 0.2517625 0.127346875 0.24865625 0.135634375 0.25217656250000003 0.1401921875
0 0.254040625 0.1511734375 0.29173437500000005 0.148065625 0.29111250000000005 0.1401921875 0.2523828125 0.1404 0.2518078125 0.1411875 0.2484484375 0.1472359375 0.254040625 0.1511734375
0 0.5518265625 0.1452578125 0.5518265625 0.2195359375 0.5601046875 0.1742453125 0.5544140625 0.1281765625 0.542965625 0.12689843750000002 0.5458765625 0.14396406250000002 0.5518265625 0.1452578125
0 0.51328125 0.24549218750000001 0.521628125 0.22910156250000002 0.5237921875 0.1759078125 0.5128703125 0.17528437500000002 0.5061703125 0.24054375000000003 0.51328125 0.24549218750000001
0 0.518228125 0.277715625 0.5200828125 0.269365625 0.5126625 0.26194375000000003 0.510784375 0.26186250000000005 0.5114265625 0.2727671875 0.518228125 0.277715625
0 0.5033890625 0.28915937500000005 0.5040062500000001 0.2767875 0.49791875 0.27438125 0.496896875 0.28946875 0.5033890625 0.28915937500000005
0 0.5033890625 0.31328125 0.504315625 0.294725 0.49596875000000007 0.2959625 0.49535 0.312971875 0.5033890625 0.31328125
0 0.47484531250000006 0.133515625 0.4755765625000001 0.11620156250000001 0.47050000000000003 0.11847812499999999 0.4692390625 0.134490625 0.47484531250000006 0.133515625
0 0.4923984375 0.1354671875 0.49288593750000004 0.12961406250000002 0.48037031250000006 0.12917187500000002 0.48118437500000005 0.13375937499999999 0.4923984375 0.1354671875
0 0.5019046875000001 0.134978125 0.49995468750000005 0.1315640625 0.495725 0.1316390625 0.49581093750000005 0.13619843750000002 0.5019046875000001 0.134978125