0 0.504478125 0.7389937500000001 0.46318125 0.7529250000000001 0.46933749999999996 0.7669859375 0.507359375 0.74571875 0.504478125 0.7389937500000001
0 0.669234375 0.8393921875000001 0.6764375 0.8293046875000001 0.6649125 0.8240203125000001 0.5876171875 0.834496875 0.5909625000000001 0.8514015625000001 0.669234375 0.8393921875000001
0 0.48387812500000005 0.9079953125 0.48099687500000005 0.899828125 0.4531453125 0.90895625 0.45650781250000005 0.917603125 0.48387812500000005 0.9079953125
0 0.44594375 0.931053125 0.4521859375 0.930571875 0.515571875 0.9079953125 0.5078875 0.9007890625 0.45410625 0.9228859375000001 0.44594375 0.9224062500000001 0.44594375 0.931053125
0 0.4502640625 0.9502687500000001 0.5410218750000001 0.9123187500000001 0.5347796875 0.9046328125 0.4482734375 0.934953125 0.4435421875000001 0.9430624999999999 0.4502640625 0.9502687500000001
0 0.5376609375 0.9031906250000001 0.6063281250000001 0.8806140625 0.6044078125000001 0.8666828125000001 0.5270953125000001 0.8863781250000001 0.5265859375 0.8863453125 0.5218140625000001 0.899828125 0.5376609375 0.9031906250000001
0 0.6740359375 0.8796531249999999 0.6802781250000001 0.8686031249999999 0.66779375 0.86428125 0.5773546875000001 0.8917468749999999 0.5832796875 0.906553125 0.6740359375 0.8796531249999999
0 0.646478125 0.9349484375 0.7041015625 0.9190953125000001 0.700740625 0.9066046875 0.6373046875 0.921990625 0.63639375 0.9320656250000001 0.646478125 0.9349484375
0 0.6431156250000001 0.9512812500000001 0.7137046875 0.9359078125 0.7065015625000001 0.919575 0.6373046875 0.9365734375000001 0.6291906250000001 0.9479171875000001 0.6431156250000001 0.9512812500000001
0 0.6139625 0.92209375 0.6788171875 0.9058734375 0.6879390625 0.894721875 0.6803375 0.8916812500000001 0.614334375 0.9084562500000001 0.6063625 0.9190515625 0.6139625 0.92209375
0 0.3030140625 0.774265625 0.317921875 0.7620296875000001 0.3129921875 0.7563015625 0.30033750000000003 0.7685296875000001 0.3030140625 0.774265625
0 0.2988078125 0.770825 0.3095109375 0.7547640625 0.30654375 0.7494234375 0.2900171875 0.765853125 0.2988078125 0.770825
0 0.5542546875000001 0.7452031250000001 0.6226781250000001 0.7295250000000001 0.6169453125000001 0.7165234375 0.552465625 0.7309359375 0.5454625000000001 0.7417625000000001 0.5542546875000001 0.7452031250000001
0 0.6150328125 0.753234375 0.6135046875 0.7440562500000001 0.548903125 0.7559109375 0.5404265625 0.76103125 0.5473734375 0.7692953125 0.6150328125 0.753234375
0 0.5531078125 0.75438125 0.6226781250000001 0.740996875 0.6184734375000001 0.7287609375 0.5528953125 0.745553125 0.5481390625000001 0.751321875 0.5531078125 0.75438125
0 0.5810125 0.7257015625000001 0.6184734375000001 0.7149937500000001 0.6169453125000001 0.7050515625 0.5817765625 0.7134640625 0.5718125 0.7176078125 0.5722203125 0.7226421875 0.5810125 0.7257015625000001
0 0.5852171875 0.70849375 0.6192375000000001 0.6993156250000001 0.6165625000000001 0.6905203125 0.5855703125 0.6991203125000001 0.5806296875 0.7069640625 0.5852171875 0.70849375
0 0.5856 0.69816875 0.617709375 0.6886078125 0.613121875 0.681725 0.5829234375000001 0.6893734375 0.5787187500000001 0.6974031250000001 0.5856 0.69816875
0 0.2573109375 0.6849781250000001 0.26268125000000003 0.6840015625000001 0.26219375 0.6771640625 0.2697609375 0.6659312500000001 0.26561093750000003 0.66226875 0.2627484375 0.665 0.25657968750000004 0.677653125 0.2573109375 0.6849781250000001
0 0.25505468750000004 0.698121875 0.25895937500000005 0.6907953125 0.2567078125 0.6880625 0.25236875 0.6956796875000001 0.25505468750000004 0.698121875
0 0.65289375 0.8194375000000002 0.6591625 0.8107265625000001 0.6508046875 0.8079390625 0.5661718750000001 0.8260562500000002 0.5661718750000001 0.8354640625 0.65289375 0.8194375000000002
0 0.479559375 0.8301015625 0.476075 0.8405578125000001 0.486140625 0.8502390625 0.4880765625000001 0.8622453125 0.4942703125000001 0.8603093749999999 0.4931078125 0.8486906250000001 0.48765625000000007 0.8321125 0.4900109375000001 0.8289390624999999 0.479559375 0.8301015625
0 0.626575 0.7860171875 0.622871875 0.7745671875000001 0.5898656250000001 0.7829953125000001 0.5922390625 0.7917406250000001 0.626575 0.7860171875
0 0.5828140625 0.7937625 0.58113125 0.78534375 0.562953125 0.7863531250000001 0.5622265625 0.7867812500000001 0.5643 0.7974656250000001 0.5828140625 0.7937625
0 0.63095 0.7954453125000001 0.6282578125 0.7887109375 0.5985734375 0.7992750000000001 0.5986343749999999 0.8035281250000001 0.63095 0.7954453125000001