0 0.71875 0.25 0.71875 0.255859375 0.720703125 0.2578125 0.71875 0.263671875 0.71875 0.251953125
0 0.6953125 0.212890625 0.6953125 0.208984375 0.69921875 0.203125 0.70703125 0.203125 0.70703125 0.20703125 0.701171875 0.212890625 0.697265625 0.212890625
0 0.6357421875 0.224609375 0.0146484375 0.0126953125
0 0.6337890625 0.248046875 0.01171875 0.009765625
0 0.66015625 0.2421875 0.0087890625 0.0126953125
0 0.6875 0.2392578125 0.0078125 0.0107421875
0 0.662109375 0.251953125 0.01171875 0.0068359375
0 0.654296875 0.265625 0.00390625 0.01171875
0 0.6494140625 0.283203125 0.0078125 0.0087890625
0 0.66796875 0.2685546875 0.0068359375 0.01171875
0 0.671875 0.2578125 0.0078125 0.0087890625
0 0.68359375 0.2578125 0.009765625 0.0068359375
0 0.6806640625 0.2705078125 0.01171875 0.0048828125
0 0.6787109375 0.263671875 0.0078125 0.0048828125
0 0.697265625 0.265625 0.0048828125 0.0107421875
0 0.6923828125 0.2734375 0.009765625 0.0068359375
0 0.7509765625 0.2587890625 0.0146484375 0.0146484375
0 0.6806640625 0.29296875 0.0087890625 0.009765625