0 0.52734375 0.890625 0.541015625 0.8984375 0.546875 0.90625 0.552734375 0.90625 0.564453125 0.9140625 0.568359375 0.919921875 0.57421875 0.921875 0.5859375 0.935546875 0.59375 0.94140625 0.59765625 0.94140625 0.6015625 0.947265625 0.60546875 0.947265625 0.61328125 0.953125 0.6171875 0.94921875 0.619140625 0.951171875 0.61328125 0.97265625 0.6015625 0.97265625 0.59375 0.96875 0.583984375 0.958984375 0.578125 0.958984375 0.564453125 0.94921875 0.560546875 0.943359375 0.556640625 0.943359375 0.55078125 0.935546875 0.546875 0.935546875 0.5234375 0.912109375 0.5234375 0.908203125 0.515625 0.900390625 0.515625 0.89453125 0.51953125 0.890625 0.525390625 0.890625
0 0.935546875 0.2314453125 0.087890625 0.037109375
0 0.73046875 0.111328125 0.1513671875 0.056640625
0 0.98046875 0.498046875 0.998046875 0.5078125 0.998046875 0.544921875 0.98828125 0.544921875 0.982421875 0.5390625 0.9765625 0.537109375 0.974609375 0.53125 0.96875 0.52734375 0.96875 0.5234375 0.9609375 0.51171875 0.9609375 0.498046875 0.96484375 0.494140625 0.974609375 0.494140625 0.978515625 0.498046875
0 0.900390625 0.0546875 0.8984375 0.048828125 0.90625 0.041015625 0.923828125 0.033203125 0.943359375 0.03125 0.9609375 0.0234375 0.978515625 0.0234375 0.98046875 0.025390625 0.982421875 0.033203125 0.97265625 0.04296875 0.953125 0.046875 0.939453125 0.052734375 0.931640625 0.052734375 0.919921875 0.060546875 0.91015625 0.060546875 0.90234375 0.0546875
0 0.81640625 0.0234375 0.8203125 0.0234375 0.828125 0.017578125 0.8359375 0.015625 0.845703125 0.0078125 0.88671875 0.0078125 0.888671875 0.009765625 0.888671875 0.021484375 0.884765625 0.021484375 0.87890625 0.025390625 0.8359375 0.033203125 0.828125 0.037109375 0.818359375 0.037109375 0.814453125 0.033203125 0.814453125 0.02734375 0.81640625 0.025390625
0 0.984375 0.2578125 0.990234375 0.2734375 0.990234375 0.279296875 0.982421875 0.287109375 0.9765625 0.287109375 0.970703125 0.291015625 0.96484375 0.291015625 0.9609375 0.294921875 0.953125 0.294921875 0.935546875 0.302734375 0.919921875 0.3046875 0.90625 0.310546875 0.896484375 0.310546875 0.88671875 0.31640625 0.857421875 0.32421875 0.849609375 0.32421875 0.8359375 0.318359375 0.8359375 0.3125 0.83984375 0.3046875 0.8515625 0.29296875 0.859375 0.2890625 0.87109375 0.287109375 0.880859375 0.28125 0.896484375 0.279296875 0.90625 0.2734375 0.912109375 0.2734375 0.919921875 0.267578125 0.94140625 0.265625 0.94921875 0.26171875 0.958984375 0.26171875 0.96484375 0.2578125 0.982421875 0.2578125
0 0.9765625 0.185546875 0.98046875 0.185546875 0.984375 0.181640625 0.998046875 0.1796875 0.998046875 0.208984375 0.986328125 0.2109375 0.9765625 0.20703125 0.974609375 0.203125 0.974609375 0.19140625 0.9765625 0.1875
0 0.490234375 0.82421875 0.4921875 0.828125 0.498046875 0.828125 0.5 0.83203125 0.5078125 0.8359375 0.521484375 0.837890625 0.521484375 0.841796875 0.529296875 0.853515625 0.529296875 0.865234375 0.5234375 0.865234375 0.513671875 0.857421875 0.509765625 0.857421875 0.484375 0.8359375 0.48046875 0.826171875 0.482421875 0.82421875 0.48828125 0.82421875
0 0.791015625 0.142578125 0.796875 0.15625 0.796875 0.162109375 0.79296875 0.166015625 0.787109375 0.169921875 0.767578125 0.171875 0.76171875 0.17578125 0.744140625 0.1796875 0.734375 0.185546875 0.720703125 0.185546875 0.716796875 0.181640625 0.716796875 0.173828125 0.720703125 0.16796875 0.7265625 0.1640625 0.73828125 0.162109375 0.748046875 0.15625 0.75390625 0.15625 0.765625 0.1484375 0.7734375 0.1484375 0.7890625 0.142578125
0 0.427734375 0.919921875 0.451171875 0.931640625 0.453125 0.935546875 0.470703125 0.9453125 0.486328125 0.9609375 0.50390625 0.970703125 0.5078125 0.9765625 0.51171875 0.9765625 0.5234375 0.9921875 0.521484375 0.998046875 0.484375 0.998046875 0.47265625 0.98828125 0.4609375 0.982421875 0.45703125 0.9765625 0.451171875 0.974609375 0.41015625 0.93359375 0.408203125 0.923828125 0.4140625 0.91796875 0.423828125 0.91796875 0.42578125 0.919921875
0 0.953125 0.609375 0.966796875 0.6171875 0.974609375 0.619140625 0.9765625 0.623046875 0.982421875 0.625 0.990234375 0.6328125 0.998046875 0.63671875 0.998046875 0.66796875 0.994140625 0.66796875 0.98828125 0.662109375 0.984375 0.662109375 0.982421875 0.658203125 0.9765625 0.65625 0.94921875 0.62890625 0.939453125 0.615234375 0.939453125 0.611328125 0.94140625 0.609375 0.951171875 0.609375
0 0.994140625 0.29296875 0.998046875 0.296875 0.994140625 0.3203125 0.982421875 0.326171875 0.9765625 0.33203125 0.9609375 0.333984375 0.9453125 0.341796875 0.935546875 0.341796875 0.923828125 0.345703125 0.919921875 0.349609375 0.908203125 0.3515625 0.8984375 0.357421875 0.88671875 0.357421875 0.869140625 0.365234375 0.853515625 0.365234375 0.8515625 0.36328125 0.8515625 0.3515625 0.84765625 0.341796875 0.84765625 0.333984375 0.8515625 0.330078125 0.859375 0.330078125 0.875 0.32421875 0.880859375 0.32421875 0.884765625 0.3203125 0.89453125 0.3203125 0.90234375 0.31640625 0.9140625 0.31640625 0.921875 0.3125 0.94140625 0.3125 0.9453125 0.30859375 0.951171875 0.30859375 0.95703125 0.3046875 0.970703125 0.302734375 0.974609375 0.298828125 0.9921875 0.294921875
0 0.44921875 0.83203125 0.455078125 0.83203125 0.47265625 0.83984375 0.4765625 0.83984375 0.482421875 0.8359375 0.521484375 0.8671875 0.521484375 0.880859375 0.51171875 0.888671875 0.5078125 0.888671875 0.49609375 0.880859375 0.490234375 0.873046875 0.486328125 0.873046875 0.48046875 0.865234375 0.4765625 0.865234375 0.466796875 0.857421875 0.453125 0.84375 0.44921875 0.837890625 0.44921875 0.833984375
0 0.94140625 0.671875 0.9453125 0.669921875 0.95703125 0.671875 0.96875 0.6796875 0.9765625 0.6796875 0.986328125 0.6875 0.990234375 0.6875 0.998046875 0.6953125 0.998046875 0.7421875 0.99609375 0.74609375 0.990234375 0.74609375 0.962890625 0.728515625 0.9453125 0.708984375 0.9453125 0.705078125 0.9375 0.697265625 0.93359375 0.689453125 0.93359375 0.68359375 0.94140625 0.673828125
0 0.775390625 0.537109375 0.78515625 0.541015625 0.791015625 0.546875 0.794921875 0.546875 0.80078125 0.5546875 0.814453125 0.5625 0.84765625 0.591796875 0.896484375 0.626953125 0.91015625 0.642578125 0.912109375 0.646484375 0.912109375 0.658203125 0.892578125 0.66796875 0.88671875 0.66796875 0.87890625 0.662109375 0.875 0.662109375 0.85546875 0.646484375 0.8515625 0.646484375 0.845703125 0.638671875 0.8359375 0.6328125 0.81640625 0.615234375 0.8125 0.615234375 0.80078125 0.603515625 0.775390625 0.587890625 0.76953125 0.58203125 0.75 0.55859375 0.75 0.541015625 0.7578125 0.53515625 0.771484375 0.53515625 0.7734375 0.537109375
0 0.8984375 0 0.974609375 0 0.96875 0.005859375 0.9453125 0.0078125 0.93359375 0.013671875 0.923828125 0.013671875 0.91015625 0.017578125 0.8984375 0.017578125 0.892578125 0.013671875 0.892578125 0.0078125 0.8984375 0.001953125
0 0.861328125 0.09375 0.865234375 0.103515625 0.865234375 0.115234375 0.859375 0.123046875 0.8515625 0.123046875 0.8359375 0.138671875 0.82421875 0.13671875 0.8203125 0.142578125 0.814453125 0.138671875 0.8046875 0.138671875 0.80078125 0.146484375 0.796875 0.146484375 0.79296875 0.140625 0.787109375 0.140625 0.78125 0.14453125 0.76953125 0.146484375 0.7578125 0.154296875 0.75 0.154296875 0.744140625 0.158203125 0.7265625 0.158203125 0.724609375 0.15625 0.7109375 0.15625 0.70703125 0.154296875 0.703125 0.142578125 0.7109375 0.13671875 0.720703125 0.13671875 0.74609375 0.125 0.755859375 0.125 0.76953125 0.1171875 0.78125 0.1171875 0.798828125 0.109375 0.814453125 0.109375 0.8203125 0.1015625 0.8359375 0.09375 0.845703125 0.09375 0.84765625 0.091796875 0.857421875 0.091796875 0.859375 0.09375
0 0.8203125 0.16015625 0.828125 0.15625 0.841796875 0.154296875 0.8515625 0.1484375 0.859375 0.1484375 0.880859375 0.140625 0.888671875 0.140625 0.904296875 0.1328125 0.9140625 0.1328125 0.919921875 0.140625 0.919921875 0.150390625 0.91796875 0.15234375 0.896484375 0.162109375 0.888671875 0.162109375 0.875 0.169921875 0.845703125 0.177734375 0.8203125 0.177734375 0.818359375 0.1796875 0.8125 0.1796875 0.810546875 0.177734375 0.810546875 0.16796875 0.8125 0.1640625 0.818359375 0.1640625 0.8203125 0.162109375
0 0.998046875 0.044921875 0.998046875 0.076171875 0.994140625 0.080078125 0.966796875 0.0859375 0.953125 0.091796875 0.9453125 0.091796875 0.9375 0.09765625 0.92578125 0.095703125 0.912109375 0.1015625 0.908203125 0.099609375 0.8828125 0.099609375 0.875 0.08984375 0.875 0.0859375 0.8828125 0.078125 0.888671875 0.078125 0.904296875 0.0703125 0.912109375 0.0703125 0.927734375 0.0625 0.9375 0.0625 0.947265625 0.056640625 0.958984375 0.0546875 0.9765625 0.046875 0.986328125 0.046875 0.9921875 0.04296875 0.99609375 0.044921875
0 0.9084390625 0.20201250000000004 0.9819109375 0.17764375 0.9799468750000001 0.16742500000000002 0.9705171875 0.16624531250000002 0.8997953125000001 0.18864843750000002 0.8966515625 0.1976890625 0.9084390625 0.20201250000000004
0 0.8601125000000001 0.1945453125 0.9382984375 0.16781718750000002 0.9308343750000001 0.15524062500000002 0.853315625 0.1781359375 0.8475390625 0.18825625 0.8601125000000001 0.1945453125
0 0.9984375000000001 0.1515203125 0.9984375000000001 0.133046875 0.9518609375000001 0.15383125 0.9555859375000001 0.164490625 0.9984375000000001 0.1515203125
0 0.7187250000000001 0.5398234375000001 0.7307796875000001 0.5337921875 0.727765625 0.520440625 0.6739453125 0.47521406250000003 0.6597375000000001 0.4721984375 0.6581171875 0.48189843750000005 0.6627515625 0.49804218750000007 0.7187250000000001 0.5398234375000001
0 0.521215625 0.5701375 0.5074375 0.5800437500000001 0.5801515625000001 0.6358953125000001 0.5866609375 0.6235468750000001 0.521215625 0.5701375
0 0.6546906250000001 0.53395625 0.6641625000000001 0.526634375 0.6188921875000001 0.4848046875 0.61335625 0.49519062500000005 0.6546906250000001 0.53395625
0 0.9595296875000001 0.6390078125 0.8768609375 0.5821515625 0.8583468750000001 0.57396875 0.8566250000000001 0.5825828125 0.9547921875000001 0.6463296875000001 0.960390625 0.6489140625 0.9595296875000001 0.6390078125
0 0.5841890625 0.9087875000000001 0.582896875 0.9001734375 0.5497437500000001 0.875190625 0.542378125 0.881903125 0.5747171875 0.90835625 0.5841890625 0.9087875000000001
0 0.6371484375 0.5402703125 0.6285375000000001 0.5195953125 0.6159859375000001 0.5099859375000001 0.606578125 0.5221796875 0.6371484375 0.5402703125
0 0.8112500000000001 0.1556265625 0.914584375 0.1250453125 0.9115703125 0.11169375 0.8056515625 0.1379671875 0.7979015625 0.1513203125 0.8112500000000001 0.1556265625
0 0.9976781250000001 0.10049375 0.9984375000000001 0.07680468750000001 0.9186531250000001 0.1036875 0.9262046875 0.1228921875 0.9976781250000001 0.10049375
0 0.9984375000000001 0.1306453125 0.9981078125 0.1104015625 0.9351171875000001 0.1332265625 0.9352453125000001 0.1452890625 0.9984375000000001 0.1306453125
0 0.839784375 0.688021875 0.8514781250000001 0.6686734375000001 0.68595625 0.5363859375 0.669290625 0.537309375 0.6724625 0.5620328125 0.839784375 0.688021875
0 0.36041093750000003 0.9732140625 0.34711562500000004 0.9707390625000001 0.34495156250000003 0.9840390625 0.3595875 0.9984375000000001 0.39411406250000003 0.9984375000000001 0.36041093750000003 0.9732140625