0 0.0546875 0.869140625 0.060546875 0.869140625 0.060546875 0.873046875 0.056640625 0.875 0.0546875 0.87109375
0 0.052734375 0.7255859375 0.009765625 0.0078125
0 0.107421875 0.908203125 0.109375 0.912109375 0.099609375 0.916015625 0.095703125 0.916015625 0.09375 0.912109375 0.10546875 0.908203125
0 0.0302734375 0.7021484375 0.0078125 0.0078125
0 0.123046875 0.890625 0.134765625 0.890625 0.134765625 0.89453125 0.130859375 0.896484375 0.123046875 0.896484375 0.123046875 0.892578125
0 0.177734375 0.82421875 0.181640625 0.818359375 0.1875 0.81640625 0.189453125 0.818359375 0.185546875 0.82421875 0.1796875 0.826171875
0 0.1328125 0.791015625 0.138671875 0.791015625 0.138671875 0.794921875 0.1328125 0.794921875 0.1328125 0.79296875
0 0.0546875 0.90625 0.0625 0.90234375 0.06640625 0.904296875 0.060546875 0.91015625 0.0546875 0.91015625 0.0546875 0.908203125
0 0.03125 0.78125 0.037109375 0.78125 0.03515625 0.787109375 0.029296875 0.791015625 0.02734375 0.7890625 0.03125 0.783203125
0 0.046875 0.767578125 0.005859375 0.009765625
0 0.01171875 0.826171875 0.017578125 0.82421875 0.017578125 0.828125 0.013671875 0.830078125 0.01171875 0.828125
0 0.09375 0.8515625 0.099609375 0.853515625 0.09765625 0.857421875 0.091796875 0.859375 0.08984375 0.857421875 0.09375 0.853515625
0 0.0791015625 0.755859375 0.0048828125 0.0078125
0 0.0986328125 0.708984375 0.009765625 0.005859375
0 0.001953125 0.7177734375 0.0048828125 0.0078125
0 0.02734375 0.83984375 0.029296875 0.841796875 0.02734375 0.84765625 0.021484375 0.849609375 0.025390625 0.841796875
0 0.037109375 0.716796875 0.0390625 0.72265625 0.037109375 0.724609375 0.029296875 0.72265625 0.03125 0.71875 0.03515625 0.71875
0 0.0927734375 0.6806640625 0.0048828125 0.0078125
0 0.052734375 0.828125 0.005859375 0.009765625
0 0.115234375 0.8349609375 0.0078125 0.0107421875
0 0.078125 0.701171875 0.080078125 0.703125 0.076171875 0.708984375 0.072265625 0.70703125 0.076171875 0.703125
0 0.0615234375 0.68359375 0.0078125 0.0078125
0 0.0234375 0.748046875 0.025390625 0.748046875 0.021484375 0.751953125 0.017578125 0.751953125 0.017578125 0.748046875 0.021484375 0.74609375
0 0.056640625 0.7890625 0.060546875 0.7890625 0.060546875 0.794921875 0.056640625 0.794921875 0.056640625 0.791015625
0 0.42896875000000007 0.8009875 0.41366406250000004 0.79995 0.41559375000000004 0.8078265625000001 0.42870937500000006 0.8053984375000001 0.42896875000000007 0.8009875
0 0.0478515625 0.7509765625 0.0068359375 0.0146484375
0 0.0224609375 0.7373046875 0.0068359375 0.0048828125
0 0.03515625 0.740234375 0.0087890625 0.0078125
0 0.046875 0.7353515625 0.009765625 0.005859375
0 0.068359375 0.7470703125 0.0087890625 0.0029296875
0 0.0810546875 0.7216796875 0.0146484375 0.0107421875
0 0.1103515625 0.6767578125 0.0087890625 0.0146484375
0 0.119140625 0.6728515625 0.0078125 0.0146484375
0 0.0859375 0.666015625 0.0244140625 0.013671875
0 0.076171875 0.67578125 0.0048828125 0.009765625
0 0.021484375 0.6826171875 0.0087890625 0.0078125
0 0.0087890625 0.6884765625 0.0068359375 0.01171875
0 0.00390625 0.693359375 0.0068359375 0.01171875
0 0.017578125 0.7998046875 0.01171875 0.0146484375
0 0.0107421875 0.7802734375 0.021484375 0.0078125
0 0.0078125 0.763671875 0.015625 0.0078125
0 0.03125 0.7626953125 0.0146484375 0.0068359375
0 0.0048828125 0.7470703125 0.0087890625 0.0078125