0 0.9541015625 0.5419921875 0.017578125 0.0263671875
0 0.88671875 0.564453125 0.009765625 0.0224609375
0 0.8916015625 0.5830078125 0.0185546875 0.0087890625
0 0.9130859375 0.583984375 0.00390625 0.015625
0 0.93359375 0.5771484375 0.0107421875 0.0087890625
0 0.9697265625 0.59375 0.0205078125 0.021484375
0 0.9365234375 0.5927734375 0.0126953125 0.0107421875
0 0.927734375 0.5927734375 0.013671875 0.009765625
0 0.931640625 0.5986328125 0.009765625 0.009765625
0 0.9228515625 0.603515625 0.01171875 0.0087890625
0 0.91015625 0.5986328125 0.01171875 0.0146484375
0 0.8896484375 0.609375 0.01171875 0.0224609375
0 0.8994140625 0.615234375 0.0126953125 0.017578125
0 0.947265625 0.6142578125 0.009765625 0.015625
0 0.9326171875 0.6083984375 0.0107421875 0.01171875
0 0.951171875 0.60546875 0.0107421875 0.0087890625