0 0.16015625 0.255859375 0.0087890625 0.01171875
0 0.1220703125 0.22265625 0.0107421875 0.013671875
0 0.1884765625 0.2080078125 0.0224609375 0.01953125
0 0.20703125 0.2548828125 0.017578125 0.0263671875
0 0.173828125 0.240234375 0.0146484375 0.0146484375
0 0.1484375 0.2421875 0.0107421875 0.015625
0 0.1220703125 0.24609375 0.013671875 0.0126953125
0 0.1513671875 0.25390625 0.0126953125 0.0048828125
0 0.14453125 0.263671875 0.0087890625 0.0078125
0 0.1376953125 0.2802734375 0.0107421875 0.0078125
0 0.12890625 0.2734375 0.009765625 0.01953125
0 0.16796875 0.2587890625 0.0087890625 0.0107421875
0 0.1728515625 0.2548828125 0.0107421875 0.009765625
0 0.158203125 0.267578125 0.0048828125 0.009765625
0 0.1689453125 0.2685546875 0.005859375 0.0087890625
0 0.1865234375 0.265625 0.0087890625 0.01171875
0 0.18359375 0.2744140625 0.01171875 0.0078125
0 0.2412109375 0.2626953125 0.0068359375 0.013671875
0 0.16796875 0.2958984375 0.0068359375 0.01171875