0 0.9322312500000001 0.47727031249999996 0.9984171875 0.45303125 0.9984375000000001 0.432340625 0.9285296875000001 0.451378125 0.9109562499999999 0.469584375 0.9322312500000001 0.47727031249999996
0 0.967309375 0.5167375 0.981334375 0.5235390625 0.9984375000000001 0.5175875 0.9984375000000001 0.49887968750000006 0.9984375000000001 0.49863437499999996 0.9728343750000001 0.5056828125 0.967309375 0.5167375
0 0.8110453125 0.09546875 0.82250625 0.08145468750000001 0.8149625 0.072621875 0.8012812500000002 0.09249531250000001 0.8110453125 0.09546875
0 0.814440625 0.10056406250000001 0.83184375 0.08867343750000001 0.8235546875000002 0.08264687500000001 0.8089218750000001 0.09419375 0.814440625 0.10056406250000001
0 0.0508359375 0.8249890625000001 0.0295953125 0.8300890624999999 0.0028671875 0.8506234375 0 0.9329375000000001 0.049987500000000004 0.8538890625000001 0.0508359375 0.8249890625000001
0 0.08142500000000001 0.9983859375 0.1154109375 0.9422875 0.11116250000000001 0.9235875 0.082184375 0.9394968750000001 0.0363921875 0.9975359375 0.08142500000000001 0.9983859375
0 0.7636321178796145 0.9167405844827159 0.8340796875 0.9727484375 0.8422578125 0.9600234375 0.7722906250000001 0.9054812500000001 0.7636321178796145 0.9167405844827159
0 0.9984375000000001 0.955525 0.9984375000000001 0.9152609375000001 0.9401328124999999 0.8730593750000001 0.9254265625000001 0.8745468750000001 0.928134375 0.8939656250000001 0.9984375000000001 0.955525
0 0.9765125 0.8784046875 0.988121875 0.8644671875000001 0.978446875 0.8520781250000001 0.923490625 0.807553125 0.90975625 0.8210062499999999 0.9223296875000001 0.8396890625 0.9765125 0.8784046875
0 0.8851749999999999 0.8555625 0.9095578125 0.870275 0.9211687500000001 0.8578859375000001 0.8723218749999999 0.8175234375000001 0.86505 0.8276859375000001 0.8851749999999999 0.8555625
0 0.0039890625 0.48797187500000005 0.0003234375 0.5839734375 0.006654687500000001 0.5849734375 0.0187390625 0.499609375 0.0156515625 0.4886390625 0.0039890625 0.48797187500000005