0 0.7643390625 0.1406453125 0.8091671874999999 0.137728125 0.8073453125000001 0.12751875 0.763271875 0.13040000000000002 0.7574140625000001 0.1359046875 0.7643390625 0.1406453125
0 0.765796875 0.15121875 0.80698125 0.15085312500000003 0.8037015625000001 0.13991562500000002 0.7620421875000001 0.14105781250000002 0.7555921875 0.1457484375 0.765796875 0.15121875
0 0.8678468750000001 0.175646875 0.9144968750000001 0.1716359375 0.9228796875 0.1661671875 0.9101234375000001 0.16215625 0.8707625000000001 0.16543750000000002 0.8612859374999999 0.1716359375 0.8678468750000001 0.175646875
0 0.8853406250000001 0.18658437500000002 0.9134046874999999 0.1836671875 0.9221515625000001 0.178928125 0.916684375 0.17309375000000002 0.876 0.17631093750000001 0.8747718750000001 0.182209375 0.8853406250000001 0.18658437500000002
0 0.8222890625 0.16981250000000003 0.8405109375 0.17491718750000002 0.8609218750000001 0.17528125000000003 0.864565625 0.16981250000000003 0.8634734375000002 0.16543750000000002 0.8227109375 0.16155468750000002 0.8226531250000001 0.16215625 0.8222890625 0.16981250000000003
0 0.9235171875000001 0.6851890625000001 0.937365625 0.69248125 0.9544953125 0.6819078125 0.9984375000000001 0.6206546875000001 0.9973359374999999 0.550978125 0.9322640625 0.6501875 0.9235171875000001 0.6851890625000001
0 0.8869328125 0.8460640625 0.9070156250000001 0.8485 0.9984375000000001 0.7139625 0.9979109375 0.6797234375000001 0.8905843750000001 0.8186703125 0.8869328125 0.8460640625
0 0.9830828125000001 0.684740625 0.99099375 0.685959375 0.9984375000000001 0.6725656250000001 0.9984375000000001 0.63318125 0.9788218750000001 0.6701312500000001 0.9830828125000001 0.684740625
0 0.9216203125 0.8709015625 0.938659375 0.86603125 0.9982953125 0.7881078125000001 0.9972265625000001 0.7365312500000001 0.928921875 0.8392453125 0.9216203125 0.8709015625
0 0.8875421875000001 0.9372562500000001 0.8997125000000001 0.9457796875 0.9307484375 0.931778125 0.9984375000000001 0.8861203125 0.9979109375 0.8610984374999999 0.9033640625000001 0.9171671875 0.8875421875000001 0.9372562500000001
0 0.8838906250000002 0.9791375000000001 0.9039718750000001 0.9760937500000001 0.9982953125 0.923740625 0.9972265625000001 0.9001125000000001 0.8972781250000001 0.9566140624999999 0.8838906250000002 0.9791375000000001
0 0.42165937500000006 0.9362421875000001 0.43939218750000003 0.9161890625 0.484109375 0.805125 0.4837234375000001 0.7850718750000001 0.47292968750000003 0.788928125 0.42143125000000003 0.8901703125 0.4135640625 0.9296859375000001 0.42165937500000006 0.9362421875000001
0 0.39005 0.9730015625 0.39082031250000004 0.95140625 0.370775 0.9610468750000001 0.35111562500000004 0.9984375000000001 0.3777140625 0.9984375000000001 0.39005 0.9730015625
0 0.7874187500000001 0.915428125 0.7914421875000001 0.9093890625000001 0.7689750000000001 0.8869125000000001 0.7267203125 0.8563843750000001 0.718521875 0.8637765625 0.7609265625 0.902009375 0.7874187500000001 0.915428125
0 0.861240625 0.9442546875 0.861240625 0.9353781250000002 0.8565093750000001 0.9339000000000001 0.8384703125 0.9454375000000002 0.8322609375000001 0.9528328125000001 0.8345109375 0.9569468750000001 0.8449765625 0.9522421875 0.861240625 0.9442546875