0 0.5 0.109375 0.509765625 0.111328125 0.525390625 0.12890625 0.5234375 0.13671875 0.517578125 0.13671875 0.5078125 0.130859375 0.5 0.123046875 0.498046875 0.1171875 0.5 0.111328125
0 0.51171875 0.11328125 0.5234375 0.125 0.525390625 0.1328125 0.51953125 0.138671875 0.51171875 0.134765625 0.5078125 0.138671875 0.501953125 0.15234375 0.4921875 0.146484375 0.4921875 0.12890625 0.498046875 0.12109375 0.498046875 0.111328125 0.5 0.109375 0.505859375 0.109375 0.509765625 0.11328125
0 0.5390625 0.125 0.544921875 0.125 0.560546875 0.14453125 0.560546875 0.150390625 0.5546875 0.154296875 0.546875 0.154296875 0.5390625 0.1484375 0.533203125 0.140625 0.533203125 0.1328125 0.5390625 0.126953125
0 0.216796875 0.068359375 0.21875 0.0703125 0.21875 0.08203125 0.220703125 0.083984375 0.220703125 0.08984375 0.216796875 0.095703125 0.212890625 0.099609375 0.203125 0.099609375 0.193359375 0.107421875 0.1796875 0.11328125 0.173828125 0.119140625 0.173828125 0.123046875 0.16796875 0.130859375 0.15625 0.134765625 0.140625 0.134765625 0.1328125 0.138671875 0.125 0.138671875 0.119140625 0.130859375 0.119140625 0.125 0.125 0.115234375 0.130859375 0.109375 0.134765625 0.109375 0.14453125 0.103515625 0.150390625 0.103515625 0.15625 0.09765625 0.16796875 0.09375 0.171875 0.087890625 0.1796875 0.0859375 0.1875 0.080078125 0.193359375 0.080078125 0.203125 0.07421875 0.20703125 0.07421875 0.2109375 0.0703125 0.21484375 0.0703125
0 0.525390625 0.9169921875 0.0126953125 0.015625
0 0.2578125 0.0390625 0.26171875 0.0390625 0.26171875 0.046875 0.255859375 0.0546875 0.255859375 0.060546875 0.240234375 0.08203125 0.23828125 0.08984375 0.232421875 0.095703125 0.232421875 0.099609375 0.228515625 0.1015625 0.224609375 0.111328125 0.19921875 0.1328125 0.203125 0.12890625 0.205078125 0.12109375 0.2109375 0.115234375 0.2109375 0.109375 0.21484375 0.103515625 0.21484375 0.099609375 0.234375 0.076171875 0.234375 0.072265625 0.244140625 0.0546875 0.2578125 0.041015625
0 0.501953125 0.126953125 0.5078125 0.134765625 0.505859375 0.1484375 0.501953125 0.154296875 0.4921875 0.146484375 0.490234375 0.140625 0.4921875 0.12890625 0.49609375 0.125 0.5 0.126953125
0 0.203125 0.046875 0.212890625 0.046875 0.216796875 0.05078125 0.216796875 0.068359375 0.208984375 0.068359375 0.19921875 0.076171875 0.189453125 0.078125 0.18359375 0.083984375 0.17578125 0.0859375 0.173828125 0.08984375 0.1484375 0.103515625 0.142578125 0.103515625 0.1328125 0.107421875 0.125 0.107421875 0.123046875 0.10546875 0.123046875 0.1015625 0.126953125 0.099609375 0.130859375 0.1015625 0.1328125 0.099609375 0.13671875 0.087890625 0.142578125 0.08203125 0.1640625 0.0703125 0.173828125 0.068359375 0.181640625 0.0625 0.185546875 0.0625 0.203125 0.048828125
0 0.466796875 0.921875 0.48046875 0.9296875 0.478515625 0.935546875 0.466796875 0.935546875 0.46484375 0.931640625 0.46484375 0.92578125 0.466796875 0.923828125
0 0.6084375 0.0641296875 0.6142578125 0.0506359375 0.6134640625000001 0.041639062500000004 0.5499703125000001 0 0.52506875 0 0.527746875 0.0067109375 0.6084375 0.0641296875
0 0.6759015625 0.038540625 0.621665625 0 0.58356875 0 0.5840984375 0.0036140625000000005 0.5840984375 0.007846875000000001 0.6597625 0.066059375 0.674578125 0.0501828125 0.6759015625 0.038540625
0 0.1183625 0.092009375 0.209709375 0.040715625000000005 0.21678906250000002 0.03294375 0.2150625 0.0230984375 0.19175156250000003 0.0268984375 0.14927187500000003 0.048314062500000005 0.12216093750000001 0.06299375 0.10126562500000001 0.07784687500000001 0.10004687500000001 0.0853046875 0.104375 0.09218125 0.1183625 0.092009375
0 0.0597578125 0.0605625 0.1447171875 0.019976562500000003 0.1385 0.01065 0.1252046875 0.0040875 0.042145312500000004 0.04501875 0.030920312500000005 0.05728125 0.033996875 0.06085937500000001 0.048189062500000004 0.063153125 0.0597578125 0.0605625