0 0.95703125 0.208984375 0.01171875 0.0146484375
0 0.88671875 0.2255859375 0.0107421875 0.0107421875
0 0.890625 0.2470703125 0.0126953125 0.009765625
0 0.9150390625 0.2431640625 0.009765625 0.0107421875
0 0.94140625 0.2412109375 0.0068359375 0.0087890625
0 0.9755859375 0.2568359375 0.013671875 0.0146484375
0 0.939453125 0.255859375 0.0078125 0.0078125
0 0.9267578125 0.2578125 0.0078125 0.0126953125
0 0.9150390625 0.255859375 0.0126953125 0.005859375
0 0.908203125 0.2666015625 0.009765625 0.005859375
0 0.8896484375 0.2705078125 0.0107421875 0.01953125
0 0.900390625 0.2802734375 0.009765625 0.0107421875
0 0.9228515625 0.2685546875 0.0068359375 0.0107421875
0 0.931640625 0.267578125 0.0087890625 0.0078125
0 0.9501953125 0.265625 0.01171875 0.0107421875
0 0.947265625 0.2734375 0.013671875 0.009765625