0 0.205078125 0.916015625 0.22265625 0.90625 0.2265625 0.90625 0.236328125 0.8984375 0.2421875 0.8984375 0.248046875 0.912109375 0.251953125 0.916015625 0.251953125 0.919921875 0.248046875 0.92578125 0.23828125 0.9296875 0.232421875 0.935546875 0.228515625 0.935546875 0.22265625 0.94140625 0.212890625 0.9453125 0.208984375 0.94921875 0.201171875 0.951171875 0.1875 0.958984375 0.181640625 0.958984375 0.177734375 0.962890625 0.15625 0.9609375 0.15625 0.953125 0.16796875 0.94140625 0.173828125 0.9375 0.177734375 0.9375 0.185546875 0.9296875 0.205078125 0.91796875
0 0.30078125 0.4921875 0.302734375 0.494140625 0.302734375 0.51953125 0.294921875 0.53125 0.294921875 0.53515625 0.2890625 0.541015625 0.287109375 0.548828125 0.28125 0.5546875 0.27734375 0.564453125 0.267578125 0.5703125 0.263671875 0.583984375 0.248046875 0.6015625 0.240234375 0.6171875 0.232421875 0.626953125 0.232421875 0.630859375 0.228515625 0.6328125 0.224609375 0.64453125 0.21875 0.650390625 0.212890625 0.662109375 0.208984375 0.6640625 0.208984375 0.66796875 0.177734375 0.689453125 0.169921875 0.689453125 0.162109375 0.681640625 0.1640625 0.6796875 0.1640625 0.669921875 0.16796875 0.658203125 0.171875 0.654296875 0.171875 0.650390625 0.17578125 0.646484375 0.17578125 0.640625 0.181640625 0.62890625 0.1875 0.623046875 0.1875 0.619140625 0.1953125 0.611328125 0.1953125 0.607421875 0.203125 0.599609375 0.203125 0.595703125 0.224609375 0.568359375 0.2265625 0.560546875 0.234375 0.552734375 0.236328125 0.546875 0.2421875 0.541015625 0.2421875 0.537109375 0.25 0.529296875 0.25 0.525390625 0.2578125 0.515625 0.2734375 0.5 0.279296875 0.498046875 0.28125 0.494140625 0.28515625 0.4921875 0.298828125 0.4921875
0 0.228515625 0.767578125 0.232421875 0.771484375 0.232421875 0.7890625 0.23046875 0.79296875 0.22265625 0.798828125 0.208984375 0.81640625 0.201171875 0.830078125 0.193359375 0.837890625 0.193359375 0.841796875 0.189453125 0.84375 0.185546875 0.8515625 0.177734375 0.859375 0.177734375 0.86328125 0.171875 0.8671875 0.169921875 0.873046875 0.1640625 0.875 0.15625 0.873046875 0.15625 0.859375 0.16796875 0.828125 0.1796875 0.81640625 0.1796875 0.8125 0.189453125 0.798828125 0.1953125 0.794921875 0.1953125 0.791015625 0.201171875 0.787109375 0.20703125 0.775390625 0.21875 0.765625 0.224609375 0.765625 0.2265625 0.767578125
0 0.279296875 0.8359375 0.279296875 0.83984375 0.287109375 0.849609375 0.287109375 0.86328125 0.251953125 0.8828125 0.23828125 0.896484375 0.23046875 0.8984375 0.212890625 0.912109375 0.205078125 0.9140625 0.201171875 0.919921875 0.1953125 0.919921875 0.193359375 0.923828125 0.189453125 0.923828125 0.185546875 0.927734375 0.1796875 0.927734375 0.173828125 0.935546875 0.16796875 0.935546875 0.162109375 0.939453125 0.1484375 0.943359375 0.13671875 0.951171875 0.12890625 0.951171875 0.126953125 0.953125 0.115234375 0.951171875 0.10546875 0.935546875 0.10546875 0.931640625 0.11328125 0.923828125 0.119140625 0.921875 0.126953125 0.9140625 0.130859375 0.9140625 0.1640625 0.890625 0.169921875 0.890625 0.173828125 0.88671875 0.177734375 0.88671875 0.1796875 0.8828125 0.18359375 0.8828125 0.193359375 0.875 0.19921875 0.873046875 0.203125 0.8671875 0.20703125 0.8671875 0.2109375 0.86328125 0.220703125 0.859375 0.228515625 0.8515625 0.232421875 0.8515625 0.234375 0.84765625 0.244140625 0.84375 0.251953125 0.8359375 0.259765625 0.833984375 0.265625 0.828125 0.271484375 0.828125 0.27734375 0.8359375
0 0.423828125 0.990234375 0.42578125 0.9921875 0.42578125 0.998046875 0.390625 0.998046875 0.40234375 0.9921875 0.421875 0.990234375
0 0.404296875 0.9140625 0.41796875 0.931640625 0.416015625 0.94140625 0.408203125 0.9453125 0.404296875 0.951171875 0.3984375 0.953125 0.39453125 0.958984375 0.390625 0.958984375 0.3828125 0.966796875 0.375 0.96875 0.369140625 0.974609375 0.361328125 0.9765625 0.35546875 0.982421875 0.345703125 0.984375 0.341796875 0.98828125 0.333984375 0.990234375 0.32421875 0.998046875 0.28125 0.998046875 0.28125 0.9921875 0.296875 0.9765625 0.30078125 0.9765625 0.3125 0.96875 0.318359375 0.96875 0.337890625 0.953125 0.341796875 0.953125 0.3515625 0.9453125 0.36328125 0.94140625 0.3671875 0.9375 0.37109375 0.9375 0.3828125 0.927734375 0.3828125 0.923828125 0.392578125 0.9140625 0.40234375 0.9140625
0 0.390625 0.875 0.39453125 0.876953125 0.400390625 0.88671875 0.40234375 0.896484375 0.39453125 0.908203125 0.380859375 0.9140625 0.376953125 0.927734375 0.369140625 0.927734375 0.376953125 0.921875 0.375 0.919921875 0.3671875 0.919921875 0.365234375 0.921875 0.365234375 0.927734375 0.361328125 0.931640625 0.345703125 0.93359375 0.3203125 0.953125 0.31640625 0.953125 0.306640625 0.958984375 0.302734375 0.96484375 0.2890625 0.966796875 0.287109375 0.970703125 0.27734375 0.974609375 0.267578125 0.982421875 0.26171875 0.984375 0.24609375 0.984375 0.244140625 0.986328125 0.234375 0.982421875 0.2265625 0.974609375 0.2265625 0.9609375 0.244140625 0.9453125 0.248046875 0.9453125 0.251953125 0.94140625 0.263671875 0.9375 0.2734375 0.9296875 0.27734375 0.9296875 0.287109375 0.921875 0.291015625 0.921875 0.298828125 0.916015625 0.306640625 0.9140625 0.322265625 0.900390625 0.333984375 0.896484375 0.337890625 0.890625 0.349609375 0.890625 0.3515625 0.88671875 0.359375 0.8828125 0.365234375 0.8828125 0.375 0.875 0.388671875 0.875
0 0.36328125 0.59375 0.365234375 0.595703125 0.36328125 0.615234375 0.349609375 0.63671875 0.341796875 0.64453125 0.341796875 0.6484375 0.337890625 0.654296875 0.328125 0.6640625 0.32421875 0.673828125 0.3125 0.6875 0.306640625 0.69921875 0.294921875 0.712890625 0.294921875 0.716796875 0.2890625 0.720703125 0.279296875 0.740234375 0.25 0.759765625 0.2421875 0.755859375 0.2421875 0.7421875 0.25 0.73046875 0.25 0.72265625 0.25390625 0.716796875 0.25390625 0.7109375 0.2578125 0.70703125 0.2578125 0.703125 0.265625 0.693359375 0.265625 0.689453125 0.287109375 0.662109375 0.2890625 0.65234375 0.296875 0.646484375 0.296875 0.642578125 0.30859375 0.630859375 0.3125 0.62109375 0.328125 0.6015625 0.341796875 0.6015625 0.3515625 0.59375 0.361328125 0.59375
0 0.236328125 0.6875 0.244140625 0.693359375 0.244140625 0.701171875 0.240234375 0.70703125 0.23828125 0.716796875 0.21875 0.736328125 0.216796875 0.74609375 0.2109375 0.75 0.20703125 0.763671875 0.189453125 0.78125 0.185546875 0.791015625 0.177734375 0.798828125 0.177734375 0.802734375 0.16796875 0.8125 0.162109375 0.822265625 0.154296875 0.828125 0.154296875 0.83203125 0.1484375 0.8359375 0.146484375 0.841796875 0.142578125 0.841796875 0.13671875 0.845703125 0.126953125 0.845703125 0.123046875 0.841796875 0.126953125 0.814453125 0.13671875 0.802734375 0.1484375 0.78125 0.154296875 0.77734375 0.158203125 0.767578125 0.166015625 0.76171875 0.177734375 0.74609375 0.1796875 0.740234375 0.1875 0.73046875 0.1875 0.7265625 0.1953125 0.720703125 0.1953125 0.716796875 0.21875 0.69140625 0.224609375 0.6875 0.234375 0.6875
0 0 0.88671875 0.009765625 0.890625 0.01953125 0.900390625 0.025390625 0.91015625 0.025390625 0.916015625 0.021484375 0.919921875 0 0.919921875 0 0.888671875
0 0.9984375000000001 0.87023125 0.9984375000000001 0.839290625 0.9600328125000002 0.8291515625000001 0.9680328125000002 0.8504640625000001 0.9984375000000001 0.87023125
0 0.9603 0.9750890625 0.9984375000000001 0.976378125 0.9984375000000001 0.9630562500000001 0.9375328125 0.9205109375 0.9208968750000001 0.921434375 0.925934375 0.9381312500000001 0.9603 0.9750890625
0 0.30221562500000004 0.5848078125 0.2814828125 0.5759203125 0.219709375 0.6614203125000001 0.2192859375 0.6804687500000001 0.22461875 0.6829500000000001 0.2493265625 0.6648078125 0.30221562500000004 0.5848078125
0 0.2522890625 0.6957062500000001 0.32167968750000003 0.598353125 0.3040921875 0.5892015625 0.23494062500000001 0.6808921875 0.2522890625 0.6957062500000001
0 0.2577453125 0.249615625 0.26493906250000004 0.24157343750000002 0.26832343750000004 0.1768125 0.27763125 0.173003125 0.26959218749999997 0.15395625000000002 0.2574546875 0.1618546875 0.24885937500000002 0.23353125000000002 0.2577453125 0.249615625
0 0.2619765625 0.2775515625 0.2632453125 0.268240625 0.256053125 0.2601984375 0.25174375000000004 0.26321875 0.25520625 0.27628281250000003 0.2619765625 0.2775515625
0 0.24885937500000002 0.31395312500000006 0.2513984375 0.29786875 0.243178125 0.291771875 0.23997500000000002 0.3131078125 0.24885937500000002 0.31395312500000006
0 0.1491203125 0.18577812500000002 0.157159375 0.17900625 0.15081250000000002 0.17265625 0.11183281249999999 0.17755937500000002 0.11315625000000001 0.1862015625 0.1491203125 0.18577812500000002
0 0.1482734375 0.17307968750000002 0.155890625 0.168 0.14658125 0.1616515625 0.11040625 0.16661250000000002 0.112309375 0.1760421875 0.1482734375 0.17307968750000002
0 0.10173125000000001 0.17646562500000001 0.10300156250000002 0.1684234375 0.0580578125 0.1632828125 0.058151562500000004 0.17180937500000001 0.10173125000000001 0.17646562500000001
0 0.043765625 0.132021875 0.0285328125 0.1256734375 0.0018765625000000002 0.1282125 0.0018765625000000002 0.144296875 0.018378125000000002 0.1447203125 0.017109375 0.1455671875 0.040803125 0.14218125 0.043765625 0.132021875
0 0.0391109375 0.1616515625 0.04122656250000001 0.1540328125 0.0340328125 0.1493765625 0.0014281250000000001 0.15186093750000002 0.00356875 0.162921875 0.0391109375 0.1616515625
0 0.24601250000000002 0.28897187500000004 0.248128125 0.2813515625 0.24270156250000002 0.27368750000000003 0.2430515625 0.288125 0.24601250000000002 0.28897187500000004