0 0.896484375 0.16015625 0.037109375 0.048828125
0 0.7021484375 0.544921875 0.0126953125 0.0166015625
0 0.7197265625 0.59765625 0.013671875 0.0126953125
0 0.7509765625 0.5966796875 0.0068359375 0.0087890625
0 0.681640625 0.5771484375 0.0166015625 0.0146484375
0 0.6552734375 0.5791015625 0.015625 0.013671875
0 0.6337890625 0.560546875 0.015625 0.013671875
0 0.63671875 0.5830078125 0.0126953125 0.0146484375
0 0.63671875 0.6103515625 0.013671875 0.0244140625
0 0.646484375 0.6181640625 0.0078125 0.0126953125
0 0.65234375 0.6005859375 0.0087890625 0.0166015625
0 0.6611328125 0.5927734375 0.005859375 0.0048828125
0 0.6669921875 0.6044921875 0.0107421875 0.0087890625
0 0.6708984375 0.5947265625 0.0068359375 0.0068359375
0 0.6787109375 0.6005859375 0.0087890625 0.0048828125
0 0.6826171875 0.595703125 0.0048828125 0.0078125
0 0.677734375 0.6064453125 0.005859375 0.009765625
0 0.6943359375 0.603515625 0.0048828125 0.009765625
0 0.6923828125 0.611328125 0.0068359375 0.0068359375
0 0.6953125 0.62109375 0.009765625 0.0087890625
0 0.685546875 0.625 0.0029296875 0.013671875