0 0.1918546875 0.947140625 0.2850375 0.9134875 0.2813375 0.9010359375000001 0.1948546875 0.93496875 0.18882656250000002 0.9410828125 0.1918546875 0.947140625
0 0.2012734375 0.93065 0.26149062500000003 0.9074296875000001 0.25644375 0.8993531250000001 0.197503125 0.919834375 0.19017343750000001 0.931659375 0.2012734375 0.93065
0 0.2312140625 0.9074296875000001 0.22583125000000004 0.8983437500000001 0.1982609375 0.910375 0.20161093750000003 0.9181984375000001 0.2312140625 0.9074296875000001
0 0.34861718750000004 0.8650265625 0.2739375 0.888584375 0.2662 0.8980062500000001 0.268890625 0.903728125 0.2816734375 0.9030546875000001 0.282634375 0.9020515625000001 0.35265468750000006 0.8801703125 0.34861718750000004 0.8650265625
0 0.42128125000000005 0.8781515625000001 0.42531718749999997 0.8697390625000001 0.4185890625 0.864353125 0.41219843750000007 0.86334375 0.321984375 0.8910781249999999 0.32877031250000005 0.9064203125000001 0.42128125000000005 0.8781515625000001
0 0.3889859375 0.9353609375 0.4492015625 0.9192078125 0.4529015625000001 0.9111312500000001 0.4424734375 0.9064203125000001 0.38441250000000005 0.9224828125000001 0.3805765625 0.93065 0.3889859375 0.9353609375
0 0.362746875 0.9222375 0.42901718750000006 0.9064203125000001 0.4310359375 0.8966609375000001 0.42363593750000006 0.8912765625000001 0.35755000000000003 0.909240625 0.353328125 0.9171890625 0.362746875 0.9222375
0 0.38851562500000003 0.9501125 0.45613281250000004 0.9322765625000001 0.449740625 0.9201609375 0.38246093750000004 0.9396796875 0.37606875 0.9474203125000001 0.38851562500000003 0.9501125
0 0.41774375 0.8231390625 0.3312890625 0.8359281250000001 0.33078342081225576 0.836264697640449 0.334315625 0.85174375 0.41269687499999996 0.839965625 0.4227890625 0.831215625 0.41774375 0.8231390625
0 0.4029421875 0.8167453125 0.40596875 0.8120343750000001 0.399578125 0.8083328125 0.3242234375 0.82179375 0.3309515625 0.8308796875000001 0.4029421875 0.8167453125
0 0.30076250000000004 0.7437453125000001 0.36736875 0.729946875 0.3653515625 0.71816875 0.3000390625 0.7333031250000001 0.2923515625 0.7410531250000001 0.30076250000000004 0.7437453125000001
0 0.2318 0.864559375 0.24189218750000002 0.8517703125000001 0.23819062500000002 0.8416750000000001 0.22810000000000002 0.8282140625000001 0.22134062499999999 0.8365953125000001 0.2311265625 0.8504250000000001 0.2318 0.864559375
0 0.25304375 0.74628125 0.2506890625 0.74190625 0.20762968750000002 0.75469375 0.2123390625 0.7674828125000001 0.25304375 0.74628125
0 0.015046875000000001 0.6655140625 0.0116828125 0.6618125 0.0018921875000000002 0.67881875 0.006637500000000001 0.6846968750000001 0.015046875000000001 0.6655140625
0 0.0495953125 0.775559375 0.06574218750000001 0.7617609375000001 0.058645312500000005 0.7575171875 0.0445484375 0.7705109375000001 0.0495953125 0.775559375
0 0.0388296875 0.7654640625 0.0455578125 0.7705109375000001 0.054976562500000006 0.7543578125 0.050940624999999996 0.7499828125 0.0388296875 0.7654640625