0 0.41959375000000004 0.9086046875 0.42414218750000005 0.9000140625 0.418078125 0.899509375 0.3933203125 0.9020359375 0.3789515625 0.911346875 0.39635156250000003 0.9106265625000001 0.41959375000000004 0.9086046875
0 0.4201 0.9854171875000001 0.43020468750000007 0.9707625000000001 0.4190890625 0.9687406250000001 0.41163593750000005 0.9890328125000001 0.4135312500000001 0.9940093750000001 0.4201 0.9854171875000001
0 0.41504687500000004 0.9984375000000001 0.42161562500000005 0.9984375000000001 0.4347531250000001 0.9823859375 0.4329515625 0.9738734375 0.4206046875 0.9803640625000001 0.41504687500000004 0.9984375000000001
0 0.6162109375 0.912109375 0.0361328125 0.013671875
0 0.6416015625 0.8935546875 0.017578125 0.01171875
0 0.6240234375 0.8359375 0.021484375 0.015625
0 0.6943359375 0.8173828125 0.0234375 0.0087890625
0 0.646484375 0.798828125 0.009765625 0.015625
0 0.609375 0.857421875 0.0244140625 0.0166015625
0 0.5654296875 0.8720703125 0.0205078125 0.0244140625
0 0.5693359375 0.9091796875 0.021484375 0.02734375
0 0.53515625 0.8466796875 0.009765625 0.0185546875
0 0.560546875 0.830078125 0.0244140625 0.0244140625
0 0.5693359375 0.79296875 0.021484375 0.0263671875
0 0.58984375 0.7587890625 0.005859375 0.015625
0 0.5859375 0.7734375 0.0185546875 0.013671875
0 0.556640625 0.767578125 0.01171875 0.01171875
0 0.5419921875 0.7841796875 0.0078125 0.017578125
0 0.5234375 0.8037109375 0.0068359375 0.0380859375
0 0.5009765625 0.814453125 0.015625 0.0166015625
0 0.47265625 0.7822265625 0.021484375 0.017578125
0 0.4892578125 0.7490234375 0.0166015625 0.015625
0 0.5107421875 0.748046875 0.01171875 0.01171875
0 0.5146484375 0.7685546875 0.0107421875 0.0087890625
0 0.521484375 0.7763671875 0.0205078125 0.0068359375
0 0.54296875 0.765625 0.0068359375 0.0146484375
0 0.5302734375 0.75 0.0107421875 0.01171875
0 0.5302734375 0.736328125 0.009765625 0.0146484375
0 0.5419921875 0.7216796875 0.0205078125 0.01171875
0 0.5419921875 0.703125 0.01953125 0.0146484375
0 0.5146484375 0.6943359375 0.0126953125 0.013671875
0 0.51171875 0.71875 0.0087890625 0.009765625
0 0.4931640625 0.7177734375 0.0107421875 0.0107421875
0 0.4990234375 0.7294921875 0.0087890625 0.005859375
0 0.498046875 0.7373046875 0.0126953125 0.005859375
0 0.5830078125 0.7080078125 0.0244140625 0.0126953125
0 0.5947265625 0.72265625 0.01171875 0.0107421875
0 0.5625 0.724609375 0.0078125 0.015625
0 0.552734375 0.7353515625 0.0078125 0.015625
0 0.544921875 0.740234375 0.0068359375 0.0087890625
0 0.556640625 0.75390625 0.015625 0.0087890625
0 0.6103515625 0.7119140625 0.01171875 0.0146484375
0 0.6220703125 0.6796875 0.01171875 0.013671875
0 0.6328125 0.6748046875 0.0146484375 0.013671875
0 0.603515625 0.6728515625 0.01171875 0.0107421875
0 0.603515625 0.6826171875 0.017578125 0.0087890625
0 0.5712890625 0.68359375 0.0146484375 0.013671875
0 0.5595703125 0.68359375 0.0107421875 0.0166015625
0 0.5185546875 0.685546875 0.00390625 0.0107421875
0 0.5302734375 0.6845703125 0.01171875 0.015625