0 0.259375 0.4743953125 0.29893281250000003 0.47401093750000006 0.2981640625 0.46286875 0.254425 0.4635421875 0.24746875000000002 0.47170625 0.259375 0.4743953125
0 0.25444375 0.485584375 0.2975390625 0.48481406250000003 0.29702656250000004 0.47634687500000006 0.25341718750000003 0.47634687500000006 0.2538953125 0.47666250000000004 0.24854375000000004 0.4812218750000001 0.25444375 0.485584375
0 0.40770625000000005 0.5219718750000001 0.41309375000000004 0.51504375 0.40591093750000007 0.5088843749999999 0.36728281250000006 0.5118609375000001 0.36615000000000003 0.5222296875 0.40770625000000005 0.5219718750000001
0 0.40488437499999996 0.508371875 0.41437656250000005 0.5027265625 0.40565468750000006 0.49759375 0.36353125000000003 0.502340625 0.3646109375 0.5106812500000001 0.40488437499999996 0.508371875
0 0.35460625 0.5109640625 0.35999375 0.5060875 0.34819375 0.49967343750000004 0.31217500000000004 0.49916562500000006 0.3120234375 0.509425 0.35460625 0.5109640625
0 0.38833125 0.498903125 0.3997453125 0.49672031250000004 0.39940937500000007 0.49336250000000004 0.38341875000000003 0.494065625 0.37591093750000004 0.4978953125000001 0.38833125 0.498903125
0 0.5194109375 0.58011875 0.5249140625000001 0.510371875 0.532253125 0.5108312500000001 0.53110625 0.5007359375 0.5196390625 0.48421718750000003 0.5129890625 0.4908703125 0.5054203125 0.567959375 0.50863125 0.5808078125 0.5194109375 0.58011875
0 0.47299843750000004 0.4701734375 0.474603125 0.4543421875 0.46998437500000007 0.4550515625 0.4691 0.4690265625000001 0.47299843750000004 0.4701734375
0 0.49409843750000004 0.47200937500000006 0.493409375 0.4658140625 0.48004375000000005 0.46717500000000006 0.4801078125 0.47154999999999997 0.49409843750000004 0.47200937500000006
0 0.502584375 0.4713203125 0.502125 0.46604375 0.495778125 0.466659375 0.49639218749999997 0.47200937500000006 0.502584375 0.4713203125
0 0.5096937500000001 0.4713203125 0.5090046874999999 0.4658140625 0.5040328125000001 0.466659375 0.5046484375000001 0.47154999999999997 0.5096937500000001 0.4713203125
0 0.288659375 0.49754375 0.287725 0.4874390625 0.25798437500000004 0.4874390625 0.2499234375 0.49124531250000003 0.25443125000000005 0.49754375 0.288659375 0.49754375
0 0.5130265625 0.6147140625 0.5189265625 0.610975 0.516565625 0.60035 0.5110187500000001 0.5940015625 0.5085015625 0.6046796875 0.5130265625 0.6147140625
0 0.5027984375 0.6253390625 0.50456875 0.6141234375 0.4988515625 0.6108140625 0.4963078125 0.6255359375 0.5027984375 0.6253390625
0 0.5020109375 0.650328125 0.50456875 0.63261875 0.4965046875 0.6316359375 0.4945375000000001 0.6487546875 0.5020109375 0.650328125
0 0.5526359375000001 0.8276578125 0.5187484375000001 0.8375937499999999 0.42000624999999997 0.9965765625 0.45606093750000004 0.9969671875 0.558478125 0.8580515625 0.5526359375000001 0.8276578125
0 0.6034671875000001 0.9755343750000001 0.6233328125 0.9457265625 0.6227484375000001 0.930528125 0.615153125 0.9252687500000001 0.5940625 0.9358515625000001 0.5637375 0.9784578125 0.6034671875000001 0.9755343750000001