0 0.9765625 0.310546875 0.98046875 0.314453125 0.98046875 0.322265625 0.9765625 0.326171875 0.962890625 0.333984375 0.955078125 0.3359375 0.94921875 0.341796875 0.9453125 0.341796875 0.943359375 0.345703125 0.919921875 0.359375 0.91015625 0.357421875 0.91015625 0.3515625 0.9140625 0.34765625 0.9140625 0.34375 0.921875 0.3359375 0.927734375 0.3359375 0.9375 0.328125 0.943359375 0.328125 0.947265625 0.322265625 0.958984375 0.31640625 0.9609375 0.3125 0.974609375 0.310546875
0 0.9765625 0.095703125 0.98046875 0.09375 0.994140625 0.09375 0.998046875 0.099609375 0.99609375 0.115234375 0.984375 0.126953125 0.98046875 0.134765625 0.966796875 0.150390625 0.966796875 0.154296875 0.962890625 0.15625 0.951171875 0.171875 0.951171875 0.17578125 0.9453125 0.1796875 0.9375 0.193359375 0.927734375 0.201171875 0.921875 0.19921875 0.919921875 0.1953125 0.921875 0.1796875 0.92578125 0.166015625 0.9296875 0.162109375 0.9296875 0.15625 0.9375 0.1484375 0.94140625 0.140625 0.9453125 0.138671875 0.9453125 0.134765625 0.953125 0.126953125 0.962890625 0.111328125 0.9765625 0.09765625
0 0.48046875 0.115234375 0.484375 0.12109375 0.484375 0.130859375 0.48046875 0.14453125 0.474609375 0.15234375 0.474609375 0.158203125 0.466796875 0.169921875 0.466796875 0.177734375 0.451171875 0.20703125 0.451171875 0.21484375 0.439453125 0.23046875 0.431640625 0.2265625 0.42578125 0.216796875 0.431640625 0.189453125 0.435546875 0.185546875 0.4375 0.17578125 0.443359375 0.16796875 0.4453125 0.158203125 0.44921875 0.154296875 0.44921875 0.1484375 0.453125 0.14453125 0.453125 0.138671875 0.462890625 0.12109375 0.474609375 0.11328125 0.478515625 0.115234375
0 0.994140625 0.0078125 0.998046875 0.009765625 0.998046875 0.044921875 0.984375 0.0625 0.982421875 0.068359375 0.978515625 0.0703125 0.97265625 0.083984375 0.966796875 0.087890625 0.966796875 0.091796875 0.955078125 0.107421875 0.951171875 0.109375 0.951171875 0.11328125 0.943359375 0.12109375 0.94140625 0.126953125 0.927734375 0.140625 0.927734375 0.14453125 0.919921875 0.15234375 0.912109375 0.166015625 0.904296875 0.169921875 0.892578125 0.169921875 0.888671875 0.1640625 0.890625 0.16015625 0.890625 0.14453125 0.8984375 0.1328125 0.8984375 0.12890625 0.90625 0.12109375 0.90625 0.1171875 0.916015625 0.107421875 0.91796875 0.1015625 0.921875 0.099609375 0.921875 0.095703125 0.9296875 0.087890625 0.931640625 0.08203125 0.9375 0.076171875 0.9375 0.072265625 0.9453125 0.064453125 0.9609375 0.041015625 0.982421875 0.017578125 0.984375 0.01171875 0.9921875 0.0078125
0 0.9453125 0.4765625 0.970703125 0.4609375 0.974609375 0.4609375 0.982421875 0.453125 0.998046875 0.4453125 0.998046875 0.4609375 0.9921875 0.466796875 0.986328125 0.466796875 0.982421875 0.470703125 0.970703125 0.474609375 0.958984375 0.482421875 0.953125 0.482421875 0.951171875 0.484375 0.9453125 0.482421875 0.9453125 0.478515625
0 0.9984375000000001 0.436915625 0.9932531250000001 0.4322078125 0.9226625 0.46327968750000004 0.9283937500000001 0.473225 0.9960765625000001 0.44091718750000003 0.9984375000000001 0.436915625
0 0.9984296875 0.42396875 0.9909000000000001 0.4164359375 0.933015625 0.45150937500000005 0.9370156250000001 0.4562171875 0.9984296875 0.42396875
0 0.9193031250000001 0.26178125 0.9984375000000001 0.21046562500000002 0.9984375000000001 0.18433750000000002 0.9070671875 0.24012500000000003 0.8929312500000001 0.255946875 0.9000078125000001 0.263428125 0.9193031250000001 0.26178125
0 0.93365625 0.2874375 0.9953062500000001 0.249775 0.9967171875 0.24106562500000003 0.9927171875000002 0.239653125 0.986128125 0.23847656250000002 0.9244796875000001 0.27566875 0.9183375 0.27870625000000004 0.91624375 0.2876734375 0.93365625 0.2874375
0 0.7733734375000001 0.21739531250000002 0.725928125 0.1792546875 0.71604375 0.19168593750000001 0.7632062500000001 0.227565625 0.7880609375000001 0.24048750000000002 0.7922953125000001 0.234346875 0.7733734375000001 0.21739531250000002
0 0.62615 0.76038125 0.6061062500000001 0.73566875 0.5986484375 0.7393984375 0.6217718750000001 0.7827765625 0.6298796875 0.776703125 0.62615 0.76038125
0 0.5911906250000001 0.705359375 0.5804703125 0.705825 0.5981828125 0.727740625 0.603309375 0.7207468750000001 0.5911906250000001 0.705359375
0 0.6345859375 0.752215625 0.6241328125000001 0.738521875 0.6181609375 0.735784375 0.612934375 0.7422562500000001 0.6313500000000001 0.770140625 0.6303484375 0.76809375 0.6340875 0.7631703125 0.6345859375 0.752215625
0 0.6487703125000001 0.835865625 0.6547437500000001 0.8303890625 0.6325953125 0.7990203125 0.6303546875000001 0.7997671875000001 0.62736875 0.8002640625 0.6487703125000001 0.835865625
0 0.6614625000000001 0.8363640625000001 0.6619609375 0.8216749999999999 0.6398125000000001 0.7922984375000001 0.6342671875 0.79664375 0.6544953125 0.8303890625 0.6614625000000001 0.8363640625000001
0 0.6686796875000001 0.8266546875 0.6701734375 0.8176921875000001 0.6579796875000001 0.7925468750000001 0.642384375 0.7952453125000001 0.6617125 0.8224218750000001 0.6686796875000001 0.8266546875
0 0.375 0.28125 0.388671875 0.28125 0.392578125 0.287109375 0.40234375 0.2890625 0.40625 0.296875 0.404296875 0.298828125 0.404296875 0.30859375 0.396484375 0.3203125 0.396484375 0.328125 0.390625 0.33984375 0.388671875 0.349609375 0.376953125 0.373046875 0.373046875 0.396484375 0.3515625 0.396484375 0.349609375 0.40234375 0.341796875 0.412109375 0.333984375 0.416015625 0.328125 0.416015625 0.32421875 0.41015625 0.328125 0.388671875 0.33203125 0.3828125 0.3359375 0.359375 0.34375 0.34765625 0.34375 0.34375 0.3515625 0.333984375 0.3515625 0.326171875 0.359375 0.3125 0.361328125 0.3046875 0.3671875 0.296875 0.3671875 0.29296875 0.375 0.283203125