0 0.6574062500000001 0.9221640624999999 0.6644203125 0.9138000000000001 0.6565453125 0.9117125 0.6528203125 0.9183875000000001 0.6574062500000001 0.9221640624999999
0 0.7021484375 0.8818359375 0.0146484375 0.0185546875
0 0.720703125 0.9296875 0.0068359375 0.017578125
0 0.6982421875 0.939453125 0.0048828125 0.009765625
0 0.6953125 0.9453125 0.0087890625 0.0078125
0 0.6875 0.916015625 0.01171875 0.009765625
0 0.673828125 0.9306640625 0.0068359375 0.0068359375
0 0.669921875 0.9404296875 0.0078125 0.0078125
0 0.65625 0.9375 0.0048828125 0.009765625
0 0.6337890625 0.8974609375 0.0087890625 0.0166015625
0 0.6357421875 0.9208984375 0.009765625 0.0068359375
0 0.6787109375 0.943359375 0.0107421875 0.009765625