0 0.0530640625 0.491790625 0.023512500000000002 0.49515156250000003 0.0030218750000000003 0.5235859375 0 0.5992953125 0.0537359375 0.5166515625 0.0530640625 0.491790625
0 0.00201875 0.7538312500000001 0.0275421875 0.7383781250000001 0.1175421875 0.6019828125000001 0.1101546875 0.5898890625000001 0.0830953125 0.5983718750000001 0.0006765625000000001 0.7148609375000001 0.00201875 0.7538312500000001
0 0.009407812500000001 0.978509375 0.0080640625 0.9984375000000001 0.050378124999999996 0.9984375000000001 0.165228125 0.9422265625 0.1517953125 0.9140062500000001 0.04683593750000001 0.9692812500000001 0.05709375 0.9684312500000001 0.009407812500000001 0.978509375
0 0.7770312500000001 0.8666687500000001 0.7870734375 0.8645546875000001 0.7828453125000001 0.8508078125000001 0.7371078125000001 0.8233671875000002 0.7426781250000001 0.8386468750000001 0.7770312500000001 0.8666687500000001
0 0.8245984375000002 0.90579375 0.8425671875000001 0.9110812500000001 0.8378109375 0.9015640625 0.802496875 0.8786515625 0.7965859375000001 0.8825312500000001 0.8245984375000002 0.90579375
0 0.76381875 0.8925765625000001 0.7743890625000001 0.8798875000000002 0.7331640625000001 0.8449921874999999 0.7026296875 0.8310953125 0.7125515625000001 0.847634375 0.76381875 0.8925765625000001
0 0.8573671875000001 0.974528125 0.873221875 0.9581375 0.7918296875 0.8941625000000001 0.7686125 0.8929171875 0.788659375 0.9184843750000001 0.8573671875000001 0.974528125
0 0.713609375 0.97505625 0.7654031250000001 0.974528125 0.6829546875000001 0.9174265625000001 0.6633968750000001 0.9190734375 0.6961671875000001 0.9708265625 0.713609375 0.97505625
0 0.9984375000000001 0.61958125 0.9984375000000001 0.58045625 0.9413796875 0.5386875 0.92435625 0.5386296875000001 0.93239375 0.5624796875000001 0.9984375000000001 0.61958125
0 0.9678046875 0.5371015625000001 0.9836609375 0.5365734375 0.9878890625000001 0.5233546875 0.9265812499999999 0.4710109375 0.9089015625000001 0.48156406250000006 0.9228812500000001 0.5064359375 0.9678046875 0.5371015625000001
0 0.9202390625 0.5291703125 0.8742578125 0.4837 0.8637234375 0.49464218750000005 0.90966875 0.5376296875000001 0.9202390625 0.5291703125
0 0.9255843750000001 0.137340625 0.9984375000000001 0.11883593750000002 0.9984375000000001 0.0961 0.9249515625000001 0.1195484375 0.9107859375 0.13099531250000002 0.9255843750000001 0.137340625
0 0.9652234375000002 0.1796390625 0.98425 0.1859828125 0.9979906250000001 0.17910937500000002 0.9980671875000001 0.1593765625 0.97209375 0.17065 0.9652234375000002 0.1796390625
0 0.04292968750000001 0.2084796875 0.04826875 0.142328125 0.038000000000000006 0.12548125000000002 0.034646875 0.12477812500000002 0.035946875 0.1489015625 0.04292968750000001 0.2084796875
0 0.006637500000000001 0.2501265625 0.012798437500000003 0.176990625 0.023889062500000002 0.175346875 0.01978125 0.15850156250000003 0.0041578125 0.1492609375 0.0000671875 0.24601875 0.006637500000000001 0.2501265625