0 0.4453125 0.5390625 0.451171875 0.541015625 0.451171875 0.546875 0.447265625 0.55078125 0.44140625 0.55078125 0.44140625 0.544921875 0.4453125 0.541015625
0 0.46484375 0.587890625 0.466796875 0.58984375 0.466796875 0.599609375 0.462890625 0.599609375 0.462890625 0.58984375
0 0.62890625 0.171875 0.62890625 0.16796875 0.6328125 0.162109375 0.6484375 0.146484375 0.650390625 0.146484375 0.650390625 0.150390625 0.642578125 0.162109375 0.638671875 0.1640625 0.63671875 0.169921875 0.630859375 0.171875
0 0.4287109375 0.5771484375 0.0048828125 0.0078125
0 0.37890625 0.5615234375 0.005859375 0.0048828125
0 0.404296875 0.58203125 0.005859375 0.0107421875
0 0.3798828125 0.5849609375 0.0068359375 0.005859375
0 0.40625 0.5908203125 0.009765625 0.005859375
0 0.40234375 0.599609375 0.0078125 0.009765625
0 0.4150390625 0.60546875 0.005859375 0.0068359375
0 0.4189453125 0.5966796875 0.00390625 0.009765625
0 0.423828125 0.5908203125 0.0087890625 0.0068359375
0 0.4208984375 0.5986328125 0.0078125 0.0029296875
0 0.4248046875 0.6064453125 0.00390625 0.0048828125
0 0.4365234375 0.6103515625 0.0078125 0.0068359375
0 0.4423828125 0.6015625 0.005859375 0.0078125
0 0.3955078125 0.6181640625 0.0078125 0.0078125
0 0.380859375 0.6083984375 0.01171875 0.0146484375