0 0.99609375 0.1953125 0.998046875 0.197265625 0.998046875 0.21484375 0.9921875 0.22265625 0.984375 0.21875 0.982421875 0.208984375 0.990234375 0.197265625 0.994140625 0.1953125
0 0.71875 0.921875 0.724609375 0.921875 0.732421875 0.92578125 0.734375 0.9296875 0.732421875 0.935546875 0.720703125 0.935546875 0.71875 0.923828125
0 0.998046875 0.533203125 0.998046875 0.544921875 0.99609375 0.54296875 0.998046875 0.53515625
0 0.75 0.125 0.755859375 0.125 0.76171875 0.134765625 0.76171875 0.142578125 0.755859375 0.154296875 0.751953125 0.15234375 0.744140625 0.142578125 0.744140625 0.1328125 0.75 0.126953125
0 0.5078125 0.046875 0.513671875 0.046875 0.51171875 0.060546875 0.498046875 0.078125 0.49609375 0.0859375 0.482421875 0.103515625 0.482421875 0.107421875 0.478515625 0.109375 0.4765625 0.115234375 0.470703125 0.12109375 0.466796875 0.130859375 0.458984375 0.138671875 0.45703125 0.146484375 0.451171875 0.14453125 0.453125 0.142578125 0.453125 0.134765625 0.4609375 0.125 0.4609375 0.119140625 0.46484375 0.11328125 0.46484375 0.109375 0.474609375 0.099609375 0.478515625 0.0859375 0.48828125 0.076171875 0.494140625 0.0625 0.498046875 0.0625 0.5 0.056640625 0.5078125 0.048828125
0 0.7265625 0.298828125 0.732421875 0.298828125 0.734375 0.302734375 0.744140625 0.30859375 0.73828125 0.31640625 0.734375 0.31640625 0.7265625 0.3046875 0.7265625 0.30078125
0 0.3515625 0.046875 0.357421875 0.046875 0.369140625 0.037109375 0.373046875 0.037109375 0.3828125 0.03125 0.388671875 0.03125 0.3984375 0.0234375 0.412109375 0.0234375 0.419921875 0.02734375 0.412109375 0.03515625 0.412109375 0.04296875 0.41015625 0.044921875 0.40234375 0.044921875 0.384765625 0.056640625 0.376953125 0.060546875 0.37109375 0.060546875 0.3515625 0.072265625 0.349609375 0.0703125 0.34375 0.0703125 0.33984375 0.064453125 0.33984375 0.056640625 0.3515625 0.048828125
0 0.775390625 0.921875 0.775390625 0.916015625 0.779296875 0.912109375 0.78515625 0.912109375 0.78515625 0.919921875 0.783203125 0.921875 0.77734375 0.921875
0 0.3984375 0.08203125 0.404296875 0.078125 0.41015625 0.078125 0.419921875 0.0703125 0.42578125 0.0703125 0.4296875 0.06640625 0.44140625 0.0625 0.45703125 0.048828125 0.462890625 0.048828125 0.46875 0.05859375 0.46484375 0.068359375 0.4609375 0.068359375 0.455078125 0.07421875 0.447265625 0.076171875 0.435546875 0.083984375 0.431640625 0.083984375 0.42578125 0.08984375 0.41796875 0.091796875 0.41015625 0.099609375 0.388671875 0.107421875 0.384765625 0.111328125 0.380859375 0.111328125 0.376953125 0.107421875 0.376953125 0.103515625 0.3984375 0.083984375
0 0.466796875 0.05078125 0.46875 0.060546875 0.46484375 0.068359375 0.4609375 0.068359375 0.453125 0.076171875 0.447265625 0.076171875 0.4296875 0.0859375 0.427734375 0.08984375 0.41796875 0.091796875 0.41015625 0.099609375 0.40625 0.099609375 0.3828125 0.11328125 0.375 0.107421875 0.375 0.1015625 0.388671875 0.09375 0.3984375 0.08203125 0.404296875 0.078125 0.41015625 0.078125 0.419921875 0.0703125 0.42578125 0.0703125 0.4375 0.0625 0.44140625 0.0625 0.45703125 0.048828125 0.462890625 0.048828125 0.46484375 0.05078125
0 0.453125 0.02734375 0.458984375 0.03125 0.45703125 0.044921875 0.44921875 0.046875 0.435546875 0.060546875 0.431640625 0.060546875 0.427734375 0.064453125 0.421875 0.064453125 0.419921875 0.068359375 0.4140625 0.068359375 0.412109375 0.072265625 0.400390625 0.076171875 0.396484375 0.080078125 0.373046875 0.091796875 0.359375 0.091796875 0.35546875 0.080078125 0.361328125 0.07421875 0.369140625 0.0703125 0.376953125 0.0625 0.380859375 0.0625 0.39453125 0.0546875 0.400390625 0.0546875 0.40625 0.048828125 0.41796875 0.044921875 0.4296875 0.033203125 0.439453125 0.03125 0.4453125 0.02734375 0.451171875 0.02734375
0 0.8046875 0.134765625 0.81640625 0.146484375 0.81640625 0.150390625 0.8125 0.154296875 0.8046875 0.154296875 0.80078125 0.1484375 0.80078125 0.142578125 0.8046875 0.13671875
0 0.46875 0.072265625 0.474609375 0.083984375 0.474609375 0.091796875 0.466796875 0.099609375 0.45703125 0.099609375 0.4296875 0.115234375 0.42578125 0.126953125 0.421875 0.130859375 0.41796875 0.130859375 0.408203125 0.13671875 0.40234375 0.134765625 0.384765625 0.13671875 0.37890625 0.130859375 0.37890625 0.123046875 0.38671875 0.111328125 0.3984375 0.10546875 0.404296875 0.10546875 0.40625 0.1015625 0.412109375 0.1015625 0.41796875 0.09375 0.42578125 0.091796875 0.431640625 0.0859375 0.435546875 0.0859375 0.451171875 0.078125 0.45703125 0.078125 0.4609375 0.07421875 0.466796875 0.076171875 0.46875 0.07421875
0 0.798828125 0.125 0.802734375 0.126953125 0.802734375 0.130859375 0.814453125 0.14453125 0.814453125 0.15234375 0.810546875 0.154296875 0.80078125 0.154296875 0.7890625 0.14453125 0.7890625 0.12890625 0.796875 0.125
0 0.771484375 0.1171875 0.779296875 0.125 0.779296875 0.13671875 0.7734375 0.13671875 0.767578125 0.130859375 0.763671875 0.130859375 0.75390625 0.12109375 0.751953125 0.115234375 0.75390625 0.109375 0.763671875 0.109375 0.76953125 0.1171875
0 0.35181875 0.04740781250000001 0.40040625 0.020184375 0.391634375 0.0021859375 0.3781375 0.0017359375 0.3578921875 0.013660937500000001 0.29580625 0.0460578125 0.2895078125 0.059556250000000005 0.29130781250000004 0.06428125 0.29085781250000003 0.06405625000000001 0.29039375 0.0645171875 0.32684843750000003 0.0573078125 0.35181875 0.04740781250000001
0 0.8304421875 0.0415859375 0.8572031250000001 0.061453125 0.8635484375000001 0.0567609375 0.8674109375000001 0.044068750000000004 0.8492031250000001 0.028617187500000002 0.8067171875 0 0.777990625 0 0.7871296875 0.0148203125 0.8304421875 0.0415859375
0 0.9068625000000001 0.0609 0.9156906250000001 0.0609 0.9270015625 0.054278125 0.9267265625000001 0.043240625000000005 0.8594109375000001 0.000196875 0.838253125 0.00179375 0.854996875 0.0222703125 0.9068625000000001 0.0609
0 0.9297609375000001 0.0379984375 0.9487968750000001 0.046000000000000006 0.9614875 0.045173437500000004 0.9631421874999999 0.029996875000000003 0.9540390625000001 0.015373437500000002 0.930846875 0.00179375 0.8778953125 0.0007484375 0.9297609375000001 0.0379984375