0 0.443359375 0.203125 0.451171875 0.203125 0.451171875 0.208984375 0.447265625 0.212890625 0.44140625 0.212890625 0.44140625 0.20703125 0.443359375 0.205078125
0 0.462890625 0.25 0.466796875 0.251953125 0.466796875 0.259765625 0.46484375 0.26171875 0.462890625 0.26171875 0.462890625 0.251953125
0 0.4296875 0.240234375 0.005859375 0.009765625
0 0.404296875 0.244140625 0.0078125 0.009765625
0 0.376953125 0.224609375 0.0048828125 0.0078125
0 0.37890625 0.2470703125 0.0068359375 0.0068359375
0 0.404296875 0.2548828125 0.009765625 0.009765625
0 0.416015625 0.2568359375 0.005859375 0.0078125
0 0.4287109375 0.255859375 0.00390625 0.0078125
0 0.44140625 0.2666015625 0.005859375 0.0068359375
0 0.4248046875 0.26953125 0.009765625 0.0078125
0 0.421875 0.26171875 0.005859375 0.0087890625
0 0.4111328125 0.2666015625 0.0107421875 0.0078125
0 0.3994140625 0.26171875 0.0126953125 0.01171875
0 0.3818359375 0.2734375 0.005859375 0.0205078125
0 0.3916015625 0.28125 0.0087890625 0.01171875
0 0.4365234375 0.275390625 0.013671875 0.0126953125
0 0.4384765625 0.28125 0.0087890625 0.009765625
0 0.494140625 0.2626953125 0.009765625 0.009765625
0 0.4833984375 0.2724609375 0.013671875 0.0166015625