0 0.5945265625 0.34580468750000004 0.6033796875 0.33517656250000005 0.541846875 0.2833625 0.530759375 0.28584843750000005 0.5356484375 0.29841875 0.5945265625 0.34580468750000004
0 0.5321078124999999 0.42551718750000006 0.547159375 0.42064687500000003 0.5901 0.36307500000000004 0.5820421875 0.353065625 0.53520625 0.414003125 0.5321078124999999 0.42551718750000006
0 0.564865625 0.4272890625 0.5816875 0.415775 0.622415625 0.361746875 0.6134109375000001 0.353065625 0.5657515625 0.4135609375 0.564865625 0.4272890625
0 0.6373484375 0.393728125 0.6373484375 0.3830984375 0.6076890625 0.402584375 0.5753734375 0.44598437500000004 0.5651140625000001 0.47206250000000005 0.6010484375 0.4406703125 0.6373484375 0.393728125
0 0.6037046875000001 0.46015468750000005 0.6196421875000001 0.4526265625 0.6634671875000001 0.3954984375 0.652246875 0.386921875 0.6076890625 0.4437703125 0.6037046875000001 0.46015468750000005
0 0.6277703125 0.48262031250000004 0.6445921875 0.4693359375 0.6826640625 0.41929218749999997 0.6756484375 0.4073359375 0.6308703125 0.4671203125 0.6277703125 0.48262031250000004
0 0.667328125 0.4664453125 0.6823796875000001 0.45138906250000005 0.70274375 0.42393125 0.6965593750000001 0.42028125000000005 0.6730828125000001 0.4518312500000001 0.667328125 0.4664453125
0 0.7278578125 0.4692578125 0.7420234375 0.4697 0.7144843750000001 0.44766562499999996 0.7114781250000001 0.45287187500000003 0.7278578125 0.4692578125
0 0.7069828125000001 0.45048281250000005 0.709934375 0.4475296875 0.70075625 0.4404578125 0.7010796875 0.44506875 0.7069828125000001 0.45048281250000005
0 0.7106734375000001 0.44630000000000003 0.70944375 0.44039375 0.704628125 0.43630781250000006 0.7028015625 0.44039375 0.7106734375000001 0.44630000000000003
0 0.7128859375000001 0.4431015625 0.7151000000000001 0.4389171875 0.7073953125000001 0.43326562500000004 0.7069828125000001 0.436703125 0.7128859375000001 0.4431015625
0 0.7151000000000001 0.438425 0.71706875 0.43621093750000006 0.7098843750000001 0.43049843750000005 0.709934375 0.4335046875 0.7151000000000001 0.438425
0 0.7306046875000001 0.556375 0.7348828125 0.55343125 0.718303125 0.5451374999999999 0.6990468750000001 0.535775 0.6851953125 0.537240625 0.6899546875000001 0.5443359375 0.7306046875000001 0.556375
0 0.7290000000000001 0.5684140625 0.7311390625 0.5614578125 0.7038609375 0.549953125 0.69343125 0.54540625 0.6818859375 0.5471671875 0.691025 0.556375 0.7290000000000001 0.5684140625
0 0.767234375 0.4977578125 0.7720484375000001 0.497490625 0.7712468750000001 0.49267500000000003 0.7578750000000001 0.48197343750000005 0.750921875 0.48090312500000004 0.7528718750000001 0.48189531250000006 0.75413125 0.4881265625 0.767234375 0.4977578125
0 0.7820765625 0.49505 0.781809375 0.48729218750000003 0.7564031250000001 0.466959375 0.7501656250000001 0.474075 0.7737875000000001 0.4937125 0.7820765625 0.49505
0 0.749890625 0.46642500000000003 0.7461453125 0.45920156250000005 0.7220765625000001 0.4402062500000001 0.7152734375 0.4458015625 0.7405296875 0.465621875 0.749890625 0.46642500000000003
0 0.34434687500000005 0.1204046875 0.3509859375 0.10567968750000001 0.35012031250000003 0.0742046875 0.34022656250000005 0.0743796875 0.3408828125 0.109721875 0.34434687500000005 0.1204046875
0 0.46406093750000005 0.2151140625 0.46896718750000005 0.21280312499999998 0.47733749999999997 0.2021203125 0.47300625 0.19774375 0.4643484375 0.20905 0.46406093750000005 0.2151140625
0 0.46636875 0.19056875 0.47329687500000006 0.18479375 0.470084375 0.1795640625 0.46290625 0.18797031250000001 0.46636875 0.19056875