0 0.2566296875 0.5830046875 0.2667375 0.5674484375 0.269459375 0.506 0.2776234375 0.508334375 0.26712656250000005 0.4857765625 0.25196406250000003 0.4958890625000001 0.2546859375 0.5095015625 0.2515765625 0.57639375 0.2566296875 0.5830046875
0 0.2624609375 0.611275 0.262071875 0.6007734375 0.25701875 0.5961078125 0.25404375 0.5995218750000001 0.25740781250000005 0.6116640625 0.2624609375 0.611275
0 0.24807656250000001 0.6493875 0.2515765625 0.629553125 0.24223750000000002 0.632753125 0.23991250000000003 0.6493875 0.24807656250000001 0.6493875
0 0.2469109375 0.6268312500000001 0.24768750000000003 0.6093296875 0.24223750000000002 0.6108906250000001 0.2403015625 0.6272203125 0.2469109375 0.6268312500000001
0 0.15605156250000002 0.50624375 0.1568296875 0.5000218750000001 0.14205625 0.4941875 0.10931249999999999 0.5028890625 0.11095625 0.5109109375 0.15605156250000002 0.50624375
0 0.15177656250000002 0.5210234375 0.15838437500000002 0.5144109375 0.15216406250000003 0.5093562500000001 0.1136859375 0.5120718750000001 0.11445468750000001 0.5214125000000001 0.15177656250000002 0.5210234375
0 0.0972578125 0.5109109375 0.10192343749999999 0.50624375 0.09997968750000001 0.5004109375 0.059465625 0.4972046875 0.056826562500000004 0.5093562500000001 0.0972578125 0.5109109375
0 0.035984375000000006 0.4766875 0.047259375 0.470075 0.0402609375 0.46463125 0.0017484375 0.4652859375 0.0013843750000000002 0.4766875 0.035984375000000006 0.4766875
0 0.0278203125 0.4953546875 0.041428125 0.48835468750000005 0.0355953125 0.48174374999999997 0.0017484375 0.4823375000000001 0.0013843750000000002 0.4953546875 0.0278203125 0.4953546875
0 0.16583125 0.9984375000000001 0.20393125 0.9984375000000001 0.3046203125 0.8532281250000001 0.3015109375 0.8263921875 0.282028125 0.829953125 0.17244062500000001 0.9772906250000001 0.16583125 0.9984375000000001
0 0.32755781250000005 0.9984375000000001 0.368378125 0.9461765625 0.364878125 0.9282875000000002 0.347615625 0.9340203125000001 0.291790625 0.9984375000000001 0.32755781250000005 0.9984375000000001