0 0.779296875 0.4921875 0.78515625 0.5 0.78515625 0.505859375 0.77734375 0.515625 0.77734375 0.533203125 0.775390625 0.53515625 0.7734375 0.564453125 0.76953125 0.578125 0.76171875 0.576171875 0.76171875 0.5390625 0.763671875 0.537109375 0.765625 0.5 0.771484375 0.4921875 0.77734375 0.4921875
0 0.869140625 0.927734375 0.873046875 0.9296875 0.875 0.935546875 0.873046875 0.951171875 0.859375 0.97265625 0.853515625 0.9765625 0.84375 0.9765625 0.841796875 0.974609375 0.81640625 0.974609375 0.810546875 0.9765625 0.810546875 0.97265625 0.818359375 0.96484375 0.822265625 0.953125 0.826171875 0.951171875 0.828125 0.9453125 0.8359375 0.9375 0.845703125 0.9375 0.857421875 0.9296875 0.8671875 0.927734375
0 0.78125 0.8359375 0.787109375 0.8359375 0.796875 0.828125 0.810546875 0.828125 0.8125 0.833984375 0.810546875 0.859375 0.802734375 0.869140625 0.802734375 0.873046875 0.794921875 0.884765625 0.794921875 0.888671875 0.791015625 0.890625 0.787109375 0.896484375 0.787109375 0.900390625 0.7734375 0.916015625 0.771484375 0.923828125 0.7578125 0.9375 0.755859375 0.951171875 0.751953125 0.958984375 0.736328125 0.974609375 0.6875 0.974609375 0.6875 0.96875 0.69140625 0.966796875 0.697265625 0.955078125 0.703125 0.94921875 0.703125 0.9453125 0.708984375 0.94140625 0.712890625 0.931640625 0.71875 0.92578125 0.71875 0.921875 0.7265625 0.916015625 0.7265625 0.912109375 0.734375 0.904296875 0.734375 0.900390625 0.740234375 0.89453125 0.744140625 0.884765625 0.75 0.880859375 0.75 0.875 0.75390625 0.873046875 0.7734375 0.84375 0.78125 0.837890625
0 0.810540625 0.49054062500000006 0.8109718750000001 0.5354203125 0.8139921875000001 0.48449843750000005 0.8070890625000001 0.46162812500000006 0.79908125 0.4653359375 0.8032078125000001 0.48104687500000004 0.810540625 0.49054062500000006
0 0.6112828125 0.5094421875 0.6118921875000001 0.503046875 0.6030640625000001 0.5003062500000001 0.5676515625 0.4988734375 0.5689703125000001 0.509746875 0.6112828125 0.5094421875
0 0.6539 0.5088328125 0.668815625 0.503046875 0.6560312500000001 0.4966515625000001 0.6183234375 0.5016125 0.61889375 0.509746875 0.6539 0.5088328125
0 0.6618140625 0.5210140625 0.66729375 0.5124875000000001 0.6587703125000001 0.5085281250000001 0.6214046875000001 0.51085625 0.621328125 0.5237546875 0.6618140625 0.5210140625
0 0.507115625 0.486603125 0.543034375 0.48599375 0.543034375 0.477771875 0.507053125 0.47730468750000005 0.5001140625 0.48112187500000003 0.507115625 0.486603125
0 0.5104640625 0.47716250000000004 0.54881875 0.47503125 0.54881875 0.46406875000000003 0.5087640625 0.46292500000000003 0.5016359375 0.4713765625 0.5104640625 0.47716250000000004
0 0.7716625 0.6120015625 0.7700984375000001 0.5989671875 0.7655421875 0.601446875 0.767753125 0.612784375 0.7716625 0.6120015625
0 0.7578515625 0.62216875 0.7560265625000001 0.60965625 0.7526390625000001 0.6104375000000001 0.750815625 0.6255578125000001 0.7578515625 0.62216875
0 0.7570687500000001 0.650321875 0.7596750000000001 0.631553125 0.7520609375 0.631634375 0.7484703125000001 0.6487578125 0.7570687500000001 0.650321875