0 0.955078125 0.880859375 0.017578125 0.01953125
0 0.8857421875 0.8974609375 0.0146484375 0.013671875
0 0.8876953125 0.9208984375 0.0087890625 0.0126953125
0 0.9111328125 0.916015625 0.0107421875 0.0126953125
0 0.9404296875 0.9150390625 0.0107421875 0.009765625
0 0.97265625 0.9287109375 0.0146484375 0.015625
0 0.9365234375 0.9287109375 0.0078125 0.0078125
0 0.9521484375 0.9384765625 0.0078125 0.01171875
0 0.9462890625 0.947265625 0.0107421875 0.0107421875
0 0.9326171875 0.943359375 0.0048828125 0.0078125
0 0.9228515625 0.9404296875 0.009765625 0.0107421875
0 0.908203125 0.9375 0.0087890625 0.009765625
0 0.916015625 0.9287109375 0.013671875 0.0068359375
0 0.927734375 0.93359375 0.0078125 0.0146484375
0 0.9033203125 0.951171875 0.009765625 0.017578125