0 0.08290937500000001 0.364728125 0.07025625 0.35327656250000006 0.027476562500000003 0.40209843750000007 0.0210078125 0.4236234375000001 0.0419375 0.415359375 0.08290937500000001 0.364728125
0 0.08290937500000001 0.3472484375 0.091946875 0.33519375 0.0437453125 0.29300000000000004 0.022053125000000003 0.2899859375 0.0341046875 0.3074671875 0.08290937500000001 0.3472484375
0 0.050371875 0.42922343749999997 0.0648328125 0.42078437500000004 0.110625 0.3629203125 0.10029687500000001 0.350434375 0.0527828125 0.41114062500000004 0.050371875 0.42922343749999997
0 0.066640625 0.437059375 0.053384375 0.4696078125 0.0744734375 0.45875781250000003 0.12086875 0.39667500000000006 0.122659375 0.384996875 0.09435625 0.40631875 0.066640625 0.437059375
0 0.0931515625 0.4593609375 0.1076125 0.45574375 0.15099375 0.39727656250000004 0.1389234375 0.38906250000000003 0.09917656250000001 0.44248437500000004 0.0931515625 0.4593609375
0 0.11424062500000001 0.48347187500000005 0.12749531249999999 0.476840625 0.17750625 0.41716875000000003 0.165353125 0.40803750000000005 0.11845781250000001 0.4635796875 0.11424062500000001 0.48347187500000005
0 0.1552125 0.4647859375000001 0.16665937500000003 0.45694999999999997 0.1937734375 0.426209375 0.18636093750000002 0.4195578125 0.1612375 0.44971718750000006 0.1552125 0.4647859375000001
0 0.21809843750000002 0.46770781250000004 0.2288328125 0.47212968750000006 0.22788593750000002 0.46549687500000003 0.20383281250000002 0.4460578125 0.2010484375 0.4528625 0.21809843750000002 0.46770781250000004
0 0.22725468750000002 0.46423437500000003 0.2357796875 0.46518125000000005 0.231990625 0.45728437499999997 0.21235625 0.4393109375 0.20673125 0.44465156250000004 0.22725468750000002 0.46423437500000003
0 0.25314375 0.49708281249999997 0.261984375 0.500240625 0.25914375 0.4936078125 0.24325156250000002 0.47979375 0.240515625 0.486659375 0.25314375 0.49708281249999997
0 0.26230000000000003 0.4945546875 0.271771875 0.49645000000000006 0.26956250000000004 0.48950156250000004 0.248578125 0.467365625 0.241146875 0.47434062499999996 0.26230000000000003 0.4945546875
0 0.1795796875 0.5457234375 0.2187296875 0.5580406250000001 0.224096875 0.552671875 0.21146718750000001 0.544775 0.1796859375 0.535190625 0.1732640625 0.5394062500000001 0.1795796875 0.5457234375
0 0.17800000000000002 0.5542515625000001 0.21494062500000002 0.570675 0.22157187500000003 0.56530625 0.214309375 0.5593046875 0.17755468750000003 0.5454890625000001 0.1707390625 0.5473015625000001 0.17800000000000002 0.5542515625000001
0 0.7582140625 0.75725 0.7624906250000001 0.7505281250000001 0.7597421875000001 0.7416671875 0.7533265625000001 0.7551109375 0.7582140625 0.75725
0 0.755465625 0.7826125 0.7594359375 0.77680625 0.75509375 0.7681875 0.7524109375000001 0.7780281250000001 0.755465625 0.7826125
0 0.7724859375 0.7490000000000001 0.7724859375 0.74380625 0.7698671875 0.7407046875000001 0.7703484375 0.747778125 0.7724859375 0.7490000000000001
0 0.76943125 0.7404453125 0.7712640625 0.7373890625 0.7671187500000001 0.7293671875000001 0.76485 0.738 0.76943125 0.7404453125